3 0.2508742826398851 0.6976207556193209 0.0661764705882353 0.19117647058823584
3 0.7194987446197988 0.7449319836335613 0.06948529411764712 0.19655401455975355
3 0.8775451339072218 0.5554280248684842 0.06931492109038741 0.14665497635368474
3 0.3590357484457196 0.6001009617939316 0.056249999999999974 0.1411764705882353
2 0.4213638809182207 0.30012487379775754 0.06286764705882371 0.15294117647058858
2 0.7393516857962698 0.580680429353313 0.06617647058823548 0.11470588235294116
2 0.24264406982305098 0.43462590998459005 0.06258369201339066 0.1468064190445825
2 0.1162272835963654 0.5109384133057017 0.05294117647058823 0.13210053669164165
1 0.7211382113821138 0.9120144534778679 0.056910569105691054 0.13008130081300806
2 0.3807134744141557 0.704822254104894 0.06286764705882371 0.15294117647058858
3 0.15819135581061647 0.3146035921143526 0.06617647058823524 0.14203464583665476
2 0.05118663318986133 0.21897816036983897 0.05294117647058823 0.13210053669164165
0 0.026470588235294117 0.2421037249588182 0.05294117647058823 0.13210053669164165
