3 0.24816176470588222 0.7220588235294118 0.06617647058823531 0.1205882352941177
3 0.7180147058823526 0.7691176470588232 0.06948529411764715 0.16764705882352937
3 0.8693014705882356 0.5882352941176472 0.05955882352941159 0.12352941176470564
3 0.3441176470588235 0.6294117647058823 0.056249999999999974 0.1411764705882353
3 0.1828125 0.3455882352941177 0.057904411764705906 0.1323529411764706
2 0.11332720588235272 0.5897058823529413 0.06783088235294109 0.15588235294117678
2 0.36397058823529393 0.75 0.06286764705882371 0.15294117647058858
2 0.7477941176470588 0.5838235294117645 0.06617647058823548 0.11470588235294116
2 0.42518382352941175 0.3485294117647058 0.04632352941176471 0.13235294117647056
1 0.3532169117647058 0.16617647058823531 0.03474264705882355 0.12647058823529414
2 0.25643382352941174 0.4676470588235294 0.05294117647058823 0.11764705882352945
0 0.10670955882352948 0.2691176470588235 0.06452205882352935 0.11470588235294116
2 0.10919117647058829 0.23823529411764713 0.0694852941176471 0.11176470588235295
