3 0.33915441176470573 0.7044117647058825 0.06617647058823531 0.1205882352941177
3 0.5740808823529412 0.501470588235294 0.06948529411764719 0.12647058823529414
3 0.9587316176470588 0.30882352941176466 0.0711397058823529 0.1294117647058823
3 0.22169117647058822 0.36764705882352944 0.05625 0.11764705882352942
3 0.2622242647058824 0.24852941176470586 0.057904411764705906 0.1323529411764706
2 0.2721507352941176 0.6602941176470588 0.06783088235294116 0.16764705882352948
2 0.3805147058823529 0.4029411764705884 0.06286764705882371 0.15294117647058858
2 0.7105698529411765 0.3102941176470588 0.0545955882352942 0.1147058823529412
2 0.43345588235294114 0.20441176470588235 0.04632352941176471 0.13235294117647056
1 0.5236213235294117 0.11323529411764706 0.03474264705882355 0.12647058823529414
2 0.2431985294117647 0.3 0.05294117647058823 0.11764705882352945
0 0.3747242647058823 0.275 0.06452205882352935 0.11470588235294116
2 0.36893382352941173 0.28529411764705886 0.0694852941176471 0.11176470588235293
