3 0.3209558823529411 0.6926470588235296 0.06617647058823531 0.1205882352941177
3 0.7742647058823526 0.7132352941176469 0.06948529411764715 0.16764705882352937
3 0.9454044117647061 0.5529411764705883 0.05955882352941159 0.12352941176470564
3 0.39705882352941174 0.5441176470588235 0.056249999999999974 0.1411764705882353
3 0.31185661764705885 0.31029411764705883 0.057904411764705906 0.1323529411764706
2 0.2175551470588233 0.6014705882352943 0.06783088235294109 0.15588235294117678
2 0.4235294117647058 0.6588235294117648 0.06286764705882371 0.15294117647058858
2 0.8023897058823529 0.5514705882352938 0.06617647058823548 0.11470588235294116
2 0.5294117647058821 0.3044117647058823 0.04632352941176471 0.13235294117647056
1 0.4971507352941177 0.16323529411764706 0.03474264705882355 0.12647058823529414
2 0.33915441176470584 0.4235294117647059 0.05294117647058823 0.11764705882352945
0 0.27380514705882353 0.2691176470588235 0.06452205882352935 0.11470588235294116
2 0.2795955882352941 0.2558823529411765 0.0694852941176471 0.11176470588235295
