3 0.26636029411764695 0.7132352941176472 0.06617647058823531 0.1205882352941177
3 0.7312499999999996 0.754411764705882 0.06948529411764715 0.16764705882352937
3 0.8875000000000003 0.5676470588235295 0.05955882352941159 0.12352941176470564
3 0.3705882352941176 0.6205882352941177 0.056249999999999974 0.1411764705882353
3 0.2208639705882353 0.3338235294117647 0.057904411764705906 0.1323529411764706
2 0.18612132352941152 0.5985294117647061 0.06783088235294109 0.15588235294117678
2 0.3689338235294116 0.7264705882352942 0.06286764705882371 0.15294117647058858
2 0.759375 0.5838235294117645 0.06617647058823548 0.11470588235294116
2 0.45496323529411753 0.33970588235294114 0.04632352941176471 0.13235294117647056
1 0.3929227941176471 0.18088235294117652 0.03474264705882355 0.12647058823529414
2 0.27463235294117644 0.46470588235294114 0.05294117647058823 0.11764705882352945
0 0.16461397058823532 0.28970588235294115 0.06452205882352935 0.11470588235294116
2 0.16875 0.2558823529411765 0.0694852941176471 0.11176470588235295
