3 0.30275735294117634 0.6573529411764707 0.06617647058823531 0.1205882352941177
3 0.726286764705882 0.6338235294117645 0.06948529411764715 0.16764705882352937
3 0.9329963235294112 0.43970588235294117 0.06452205882352807 0.16176470588235264
3 0.3292279411764706 0.4764705882352942 0.056249999999999974 0.1411764705882353
3 0.3234375 0.2514705882352941 0.057904411764705906 0.1323529411764706
2 0.25891544117647036 0.6338235294117648 0.06783088235294109 0.15588235294117678
2 0.4119485294117645 0.5558823529411767 0.06286764705882371 0.15294117647058858
2 0.7990808823529413 0.4602941176470586 0.06617647058823548 0.11470588235294116
2 0.4979779411764706 0.27794117647058825 0.04632352941176471 0.13235294117647056
1 0.5666360294117648 0.1338235294117647 0.03474264705882355 0.12647058823529414
2 0.30441176470588255 0.38382352941176473 0.05294117647058823 0.14999999999999997
0 0.40284926470588234 0.2661764705882353 0.06452205882352935 0.11470588235294116
2 0.4069852941176471 0.26176470588235295 0.0694852941176471 0.11176470588235295
3 0.9148897058823531 0.5176470588235295 0.02977941176470594 0.02352941176470594
