3 0.3209558823529411 0.6926470588235296 0.06617647058823531 0.1205882352941177
3 0.7709558823529409 0.7455882352941174 0.06948529411764715 0.16764705882352937
3 0.9470588235294121 0.5323529411764707 0.05955882352941159 0.12352941176470564
3 0.39705882352941174 0.5441176470588235 0.056249999999999974 0.1411764705882353
3 0.3234375 0.3073529411764706 0.057904411764705906 0.1323529411764706
2 0.2175551470588233 0.5926470588235295 0.06783088235294109 0.15588235294117678
2 0.4102941176470587 0.6823529411764707 0.06286764705882371 0.15294117647058858
2 0.8090073529411765 0.5397058823529409 0.06617647058823548 0.11470588235294116
2 0.5294117647058821 0.3044117647058823 0.04632352941176471 0.13235294117647056
1 0.5103860294117648 0.15147058823529413 0.03474264705882355 0.12647058823529414
2 0.33915441176470584 0.4235294117647059 0.05294117647058823 0.11764705882352945
0 0.28869485294117647 0.275 0.06452205882352935 0.11470588235294116
2 0.3044117647058824 0.26176470588235295 0.0694852941176471 0.11176470588235295
