3 0.3292279411764704 0.636764705882353 0.06617647058823531 0.1205882352941177
3 0.675 0.5573529411764705 0.06948529411764719 0.12647058823529414
3 0.9826286764705882 0.38235294117647056 0.03474264705882351 0.12941176470588225
3 0.28621323529411763 0.4323529411764706 0.05625 0.11764705882352944
3 0.3234375 0.2514705882352941 0.057904411764705906 0.1323529411764706
2 0.2870404411764704 0.6397058823529412 0.06783088235294109 0.15588235294117678
2 0.44669117647058804 0.47647058823529426 0.06286764705882371 0.15294117647058858
2 0.7717830882352942 0.38382352941176456 0.0545955882352942 0.1147058823529412
2 0.5029411764705882 0.2455882352941177 0.04632352941176471 0.13235294117647056
1 0.574908088235294 0.12205882352941178 0.03474264705882355 0.12647058823529414
2 0.30772058823529413 0.33235294117647063 0.05294117647058823 0.11764705882352945
0 0.40284926470588234 0.2661764705882353 0.06452205882352935 0.11470588235294116
2 0.4069852941176471 0.26176470588235295 0.0694852941176471 0.11176470588235295
