3 0.34246323529411754 0.660294117647059 0.06617647058823531 0.1205882352941177
3 0.6435661764705882 0.5485294117647057 0.06948529411764719 0.12647058823529414
3 0.9826286764705882 0.338235294117647 0.03474264705882351 0.12941176470588225
3 0.2630514705882353 0.4 0.05625 0.11764705882352944
3 0.29862132352941173 0.24852941176470586 0.057904411764705906 0.1323529411764706
2 0.2870404411764704 0.6397058823529412 0.06783088235294109 0.15588235294117678
2 0.4251838235294116 0.42647058823529427 0.06286764705882371 0.15294117647058858
2 0.7585477941176471 0.35147058823529403 0.0545955882352942 0.1147058823529412
2 0.4930147058823529 0.22205882352941178 0.04632352941176471 0.13235294117647056
1 0.5649816176470588 0.11029411764705883 0.03474264705882355 0.12647058823529414
2 0.2911764705882353 0.31176470588235294 0.05294117647058823 0.11764705882352945
0 0.40284926470588234 0.2661764705882353 0.06452205882352935 0.11470588235294116
2 0.4069852941176471 0.26176470588235295 0.0694852941176471 0.11176470588235295
