3 0.3126838235294116 0.6573529411764707 0.06617647058823531 0.1205882352941177
3 0.7378676470588234 0.6455882352941174 0.06948529411764715 0.16764705882352937
3 0.9387867647058826 0.44411764705882356 0.05955882352941159 0.12352941176470564
3 0.3408088235294117 0.4882352941176471 0.056249999999999974 0.1411764705882353
3 0.3234375 0.275 0.057904411764705906 0.1323529411764706
2 0.26056985294117624 0.6191176470588237 0.06783088235294109 0.15588235294117678
2 0.4152573529411763 0.5529411764705884 0.06286764705882371 0.15294117647058858
2 0.8056985294117648 0.4661764705882351 0.06617647058823548 0.11470588235294116
2 0.504595588235294 0.28088235294117647 0.04632352941176471 0.13235294117647056
1 0.5815257352941177 0.13088235294117648 0.03474264705882355 0.12647058823529414
2 0.31268382352941176 0.38235294117647056 0.05294117647058823 0.11764705882352945
0 0.36976102941176464 0.2691176470588235 0.06452205882352935 0.11470588235294116
2 0.39044117647058824 0.27058823529411763 0.0694852941176471 0.11176470588235295
