3 0.33749999999999986 0.6691176470588236 0.06617647058823531 0.1205882352941177
3 0.6088235294117648 0.5102941176470587 0.06948529411764719 0.12647058823529414
3 0.9842830882352942 0.3323529411764705 0.03143382352941154 0.12941176470588228
3 0.2564338235294118 0.3911764705882353 0.05625 0.11764705882352944
3 0.29862132352941173 0.23382352941176468 0.057904411764705906 0.1323529411764706
2 0.29696691176470585 0.6485294117647058 0.06783088235294116 0.16764705882352948
2 0.41194852941176463 0.423529411764706 0.06286764705882371 0.15294117647058858
2 0.7436580882352941 0.34264705882352936 0.0545955882352942 0.1147058823529412
2 0.4698529411764706 0.21029411764705885 0.04632352941176471 0.13235294117647056
1 0.5236213235294117 0.11323529411764706 0.03474264705882355 0.12647058823529414
2 0.28952205882352944 0.3176470588235295 0.05294117647058823 0.11764705882352945
0 0.3945772058823529 0.25735294117647056 0.06452205882352935 0.11470588235294116
2 0.4036764705882353 0.26176470588235295 0.0694852941176471 0.11176470588235295
3 0.39044117647058824 0.2088235294117647 0.03639705882352935 0.005882352941176485
