3 0.23823529411764693 0.7161764705882354 0.06617647058823531 0.1205882352941177
3 0.7229779411764703 0.7573529411764703 0.06948529411764715 0.16764705882352937
3 0.8626838235294122 0.5676470588235295 0.05955882352941159 0.12352941176470564
3 0.3573529411764705 0.6088235294117647 0.056249999999999974 0.1411764705882353
3 0.17619485294117648 0.3426470588235294 0.057904411764705906 0.1323529411764706
2 0.12159926470588213 0.5808823529411766 0.06783088235294109 0.15588235294117678
2 0.3540441176470586 0.7647058823529413 0.06286764705882371 0.15294117647058858
2 0.7362132352941176 0.5926470588235293 0.06617647058823548 0.11470588235294116
2 0.42187499999999983 0.3308823529411764 0.04632352941176471 0.13235294117647056
1 0.3333639705882353 0.1691176470588236 0.03474264705882355 0.12647058823529414
2 0.24816176470588233 0.4735294117647059 0.05294117647058823 0.11764705882352945
0 0.08354779411764712 0.2838235294117647 0.06452205882352935 0.11470588235294116
2 0.09430147058823535 0.2558823529411765 0.0694852941176471 0.11176470588235295
