3 0.3863051470588236 0.7102941176470589 0.08768382352941174 0.161764705882353
3 0.5624999999999999 0.4691176470588234 0.06948529411764719 0.12647058823529414
3 0.9339154411764704 0.3 0.0711397058823529 0.1294117647058823
3 0.22169117647058822 0.36764705882352944 0.05625 0.11764705882352942
3 0.2622242647058824 0.24852941176470586 0.057904411764705906 0.1323529411764706
2 0.2986213235294118 0.6544117647058824 0.06783088235294116 0.16764705882352948
2 0.36231617647058817 0.3764705882352943 0.06286764705882371 0.15294117647058858
2 0.6708639705882353 0.3044117647058823 0.0545955882352942 0.1147058823529412
2 0.39209558823529406 0.2161764705882353 0.04632352941176471 0.13235294117647056
1 0.5170036764705883 0.10441176470588236 0.03474264705882355 0.12647058823529414
2 0.22334558823529413 0.31176470588235294 0.05294117647058823 0.11764705882352945
0 0.3747242647058823 0.275 0.06452205882352935 0.11470588235294116
2 0.36893382352941173 0.28529411764705886 0.0694852941176471 0.11176470588235293
