3 0.38961397058823527 0.7220588235294119 0.07444852941176452 0.13823529411764732
3 0.5608455882352942 0.4720588235294116 0.06948529411764719 0.12647058823529414
3 0.9421875 0.29411764705882354 0.0711397058823529 0.1294117647058823
3 0.22169117647058822 0.36764705882352944 0.05625 0.11764705882352942
3 0.2622242647058824 0.24852941176470586 0.057904411764705906 0.1323529411764706
2 0.30358455882352936 0.6661764705882354 0.06783088235294116 0.16764705882352948
2 0.36231617647058817 0.3764705882352943 0.06286764705882371 0.15294117647058858
2 0.6708639705882353 0.3044117647058823 0.0545955882352942 0.1147058823529412
2 0.3788602941176471 0.21911764705882353 0.04632352941176471 0.13235294117647056
1 0.5170036764705883 0.10735294117647061 0.03474264705882355 0.12647058823529414
2 0.22334558823529413 0.31176470588235294 0.05294117647058823 0.11764705882352945
0 0.3747242647058823 0.275 0.06452205882352935 0.11470588235294116
2 0.36893382352941173 0.28529411764705886 0.0694852941176471 0.11176470588235293
