3 0.2051470588235292 0.6367647058823529 0.0661764705882353 0.19117647058823584
3 0.683272058823529 0.7044117647058822 0.06948529411764715 0.16764705882352937
3 0.8461397058823532 0.523529411764706 0.05955882352941159 0.12352941176470564
3 0.36066176470588224 0.6058823529411765 0.056249999999999974 0.1411764705882353
3 0.06534926470588237 0.25147058823529417 0.057904411764705906 0.1323529411764706
2 0.033915441176470544 0.48676470588235304 0.06783088235294109 0.15588235294117678
2 0.3738970588235292 0.6088235294117648 0.06286764705882371 0.15294117647058858
2 0.6965073529411765 0.5514705882352939 0.06617647058823548 0.11470588235294116
2 0.3606617647058823 0.22794117647058815 0.04632352941176471 0.13235294117647056
2 0.196875 0.37352941176470594 0.05294117647058823 0.11764705882352945
1 0.7659926470588232 0.9367647058823527 0.049632352941176 0.1264705882352941
