3 0.3209558823529411 0.6926470588235296 0.06617647058823531 0.1205882352941177
3 0.7742647058823526 0.7132352941176469 0.06948529411764715 0.16764705882352937
3 0.948713235294118 0.5382352941176471 0.05955882352941159 0.12352941176470564
3 0.39705882352941174 0.5441176470588235 0.056249999999999974 0.1411764705882353
3 0.3234375 0.3073529411764706 0.057904411764705906 0.1323529411764706
2 0.23740808823529388 0.6161764705882354 0.06783088235294109 0.15588235294117678
2 0.4235294117647058 0.6588235294117648 0.06286764705882371 0.15294117647058858
2 0.8139705882352942 0.5102941176470586 0.06617647058823548 0.11470588235294116
2 0.5294117647058821 0.3044117647058823 0.04632352941176471 0.13235294117647056
1 0.5418198529411765 0.1485294117647059 0.03474264705882355 0.12647058823529414
2 0.33915441176470584 0.4235294117647059 0.05294117647058823 0.11764705882352945
0 0.3499080882352941 0.2602941176470588 0.06452205882352935 0.11470588235294116
2 0.3606617647058824 0.27647058823529413 0.0694852941176471 0.11176470588235295
