3 0.3209558823529411 0.698529411764706 0.06617647058823531 0.1205882352941177
3 0.7693014705882351 0.7132352941176469 0.06948529411764715 0.16764705882352937
3 0.9520220588235297 0.5264705882352942 0.05955882352941159 0.12352941176470564
3 0.39705882352941174 0.5500000000000002 0.056249999999999974 0.1411764705882353
3 0.3234375 0.275 0.057904411764705906 0.1323529411764706
2 0.23906249999999976 0.6191176470588237 0.06783088235294109 0.15588235294117678
2 0.42187499999999994 0.6588235294117648 0.06286764705882371 0.15294117647058858
2 0.8156250000000002 0.5102941176470586 0.06617647058823548 0.11470588235294116
2 0.5194852941176471 0.3161764705882353 0.04632352941176471 0.13235294117647056
1 0.5451286764705883 0.13088235294117648 0.03474264705882355 0.12647058823529414
2 0.34577205882352935 0.4294117647058823 0.05294117647058823 0.11764705882352945
0 0.3350183823529412 0.28088235294117647 0.06452205882352935 0.11470588235294116
2 0.34908088235294116 0.2647058823529412 0.0694852941176471 0.11176470588235295
