1 0.6166666629737365 0.5481481483365284 0.09374999999999992 0.17407407407407405
1 0.48437499740496803 0.6518518509099512 0.1041666666666667 0.16666666666666663
1 0.07864583642740999 0.5000000000000002 0.046875 0.13703703703703707
2 0.2416666716571127 0.5907407328287767 0.06249999999999996 0.14444444444444438
2 0.2416666555878768 0.8388888979311331 0.10833333333333331 0.1444444444444446
0 0.9791666655687683 0.681481485249083 0.03854166886246324 0.20740740740740723
2 0.0316666659680043 0.5218981462973137 0.043125000359312195 0.16296296296296287
2 0.6582031380999206 0.5095486178221521 0.0859375 0.17881944444444448
2 0.6044921728561604 0.44097221904330747 0.05468749840929536 0.10763888994852676
2 0.42822265723249414 0.404513891626287 0.053710937032145446 0.13888888694621904
1 0.45019530959930293 0.4097222270788963 0.05468749943857465 0.1388888869462191
1 0.553710921125099 0.44097222495962013 0.06249999962571663 0.14583333068423787
