1 0.5781249999999999 0.5499999999999999 0.09374999999999992 0.17407407407407405
1 0.45729166666666665 0.6425925925925925 0.1041666666666667 0.16666666666666663
1 0.11093750000000009 0.49999999999999994 0.046875 0.13703703703703707
2 0.29375 0.512962962962963 0.06249999999999996 0.14444444444444438
2 0.12604166666666675 0.9277777777777777 0.10833333333333331 0.1444444444444446
0 0.9161458333333331 0.7185185185185184 0.06145833333333321 0.2074074074074073
2 0.794921875 0.5755208333333333 0.0859375 0.17881944444444448
2 0.6040038916529459 0.42361110969826 0.061523435254298986 0.11805555555555552
2 0.43994140610964394 0.4496527759234111 0.053710937032145446 0.13888888694621904
1 0.4042968764971342 0.5034722175421542 0.050781249812858385 0.1284722213391902
1 0.500976551177926 0.4756944436497163 0.05859375000000002 0.1388888869462192
