1 0.7143529516906956 0.48886886305618865 0.07845052229927689 0.13518518914116615
1 0.5481400153336845 0.5168928190546486 0.06354167055921538 0.15370370502236472
1 0.2656249769441397 0.44629630175931984 0.06770833133715473 0.16296296032564142
2 0.6460611641594187 0.5115740742153596 0.05345052170042336 0.11527778074476401
2 0.2239583239512949 0.9416666649712455 0.10833333333333323 0.11111111450195371
0 0.8739583423161364 0.5574074237964755 0.05937500019961722 0.20740740740740718
2 0.043632810714668055 0.5375231447078567 0.06460937330075328 0.19074073791503918
2 0.5214844011998415 0.3967014070793418 0.05664062780712716 0.13368056014732033
2 0.41455078480569313 0.6631944186599168 0.08886718263431512 0.18749999293574615
2 0.6391601370211877 0.40972222442980233 0.06933593553501263 0.15277777442225718
1 0.5473632690390022 0.32725695768991914 0.06933593553501151 0.1406249978807238
1 0.4541015556693266 0.43315972575434836 0.07031249887714966 0.1371527760117135
