1 0.6772417668187614 0.510709799318444 0.056583336894515314 0.1458518547227639
1 0.5838541545398831 0.5194444569717206 0.06354167055921538 0.15370370502236472
1 0.22083331456925662 0.4851851866922269 0.06770833133715473 0.16296296032564142
2 0.6520073441452316 0.5417245341112588 0.07769097076667479 0.10185185618459354
2 0.3062499827330568 0.9416666649712455 0.10833333333333323 0.11111111450195371
0 0.9666666667664761 0.5759259404311929 0.05937500019961722 0.20740740740740718
2 0.06707030846896735 0.5409953665768663 0.06460937330075328 0.19074073791503918
2 0.593261738072383 0.42274307109691334 0.07324218871642177 0.13368056014732022
2 0.5205078059032546 0.637152754642346 0.09570311947931934 0.11111111181753625
2 0.6596679475561996 0.4730902735392264 0.05957031147072036 0.12673611040468555
1 0.4790039005889631 0.3732638974542958 0.05761718665786198 0.14583333068423832
1 0.4980468639586376 0.5156249951433246 0.07031249887714963 0.1666666618982947
