1 0.6166666629737365 0.5481481483365284 0.09374999999999992 0.17407407407407405
1 0.48437499740496803 0.6518518509099512 0.1041666666666667 0.16666666666666663
1 0.07864583642740999 0.5000000000000002 0.046875 0.13703703703703707
2 0.2416666716571127 0.5907407328287767 0.06249999999999996 0.14444444444444438
2 0.2416666555878768 0.8388888979311331 0.10833333333333331 0.1444444444444446
0 0.9791666655687683 0.681481485249083 0.03854166886246324 0.20740740740740723
2 0.0316666659680043 0.5218981462973137 0.043125000359312195 0.16296296296296287
2 0.6518554824581312 0.48697917567358995 0.07324218871642177 0.13368056014732022
2 0.6127929533108079 0.6145833124937843 0.07714843375716549 0.11111111181753634
2 0.6186523264861759 0.46788194073571204 0.06542968590929535 0.1371527760117143
1 0.5610351427290106 0.39583333960285777 0.05761718665786198 0.14583333068423832
1 0.4965820203489947 0.5052083295362961 0.07910156053501163 0.15624999629126637
