1 0.7718690628755034 0.44301347889670145 0.06562500269484045 0.15185185411241164
1 0.5155598902502723 0.6135416696218793 0.06354167055921538 0.15370370502236472
1 0.32083330498760043 0.3740740868839214 0.06770833133715473 0.16296296032564142
2 0.7730793811556359 0.5786458266517284 0.05865885453471015 0.1415509262202678
2 0.09082031587478902 0.9316358017941068 0.10008680634570936 0.13117284085623124
0 0.8637310705688052 0.6422769437826301 0.05937500019961722 0.20740740740740718
2 0.15984373707973548 0.4420370433100942 0.06460937330075328 0.19074073791503918
2 0.6503906388484875 0.43903580448226603 0.07617187593570966 0.162259617069168
2 0.38330078779996085 0.6631944186599169 0.08886718263431512 0.18749999293574615
2 0.6284179505504673 0.44270833218539307 0.06933593553501263 0.15277777442225718
1 0.5668945171675854 0.35329862170749066 0.06933593553501152 0.1406249978807238
1 0.4296874955085989 0.48524305378949123 0.07421874850286637 0.14409721974973252
