1 0.7143529516906956 0.48886886305618865 0.07845052229927689 0.13518518914116615
1 0.5481400153336845 0.5168928190546486 0.06354167055921538 0.15370370502236472
1 0.2656249769441397 0.44629630175931984 0.06770833133715473 0.16296296032564142
2 0.6729584830107815 0.5101355822981991 0.05743117608091497 0.13617724951823013
2 0.2054036382291412 0.9633680516525548 0.07122396188902594 0.06770834113933431
0 0.8386067832034011 0.6339120456436526 0.05937500019961722 0.20740740740740718
2 0.14421873857686923 0.4715509291966754 0.06460937330075328 0.19074073791503918
2 0.5244140884191286 0.39785881436901177 0.07617187593570966 0.157986113230387
2 0.33544922988493314 0.6631944186599169 0.08886718263431512 0.18749999293574615
2 0.6723632588397784 0.4097222244298023 0.06933593553501263 0.15277777442225718
1 0.5952148269540303 0.35329862170749066 0.06933593553501152 0.1406249978807238
1 0.4628906173271892 0.4678819444444438 0.07031249887714966 0.1371527760117135
