2 0.5187499999999993 0.7513888888888911 0.0593749999999986 0.1749999999999986
2 0.5773437499999998 0.676388888888887 0.05468749999999908 0.16944444444444307
2 0.6890624999999997 0.455555555555556 0.04687499999999943 0.16111111111111126
1 0.6249999999999991 0.4763888888888886 0.0468749999999999 0.13055555555555556
1 0.7703124999999988 0.619444444444443 0.05000000000000107 0.14444444444444432
1 0.7226562499999999 0.4652777777777778 0.04843750000000036 0.1527777777777777
1 0.8117187499999997 0.5597222222222221 0.05156250000000038 0.1250000000000003
1 0.810937499999997 0.6055555555555542 0.04062500000000193 0.13888888888888926
2 0.1367187499999995 0.4263888888888886 0.039062499999999875 0.13055555555555554
0 0.9804687499999999 0.7305555555555552 0.03593750000000035 0.19444444444444428
