2 0.606249999999999 0.6833333333333357 0.0593749999999986 0.16111111111110973
2 0.65546875 0.6402777777777762 0.05468749999999908 0.16944444444444307
2 0.7874999999999998 0.4736111111111116 0.046874999999999424 0.13611111111111138
1 0.8945312499999996 0.5874999999999997 0.051562499999999546 0.14166666666666666
1 0.9734374999999994 0.6777777777777763 0.05000000000000107 0.14444444444444432
2 0.3539062499999994 0.46527777777777757 0.03906249999999987 0.1416666666666667
2 0.29843749999999997 0.5069444444444444 0.0375 0.1527777777777778
0 0.14453124999999978 0.5444444444444445 0.0328125 0.15555555555555572
0 0.18359374999999978 0.47777777777777786 0.026562499999999982 0.13333333333333336
0 0.6851562499999995 0.945833333333333 0.0609375 0.10277777777777777
