2 0.549999999999999 0.7138888888888911 0.0593749999999986 0.16111111111110973
2 0.5835937499999999 0.676388888888887 0.05468749999999908 0.16944444444444307
2 0.7078124999999996 0.4458333333333338 0.046874999999999424 0.13611111111111138
1 0.7046874999999991 0.5069444444444442 0.0468749999999999 0.13055555555555556
1 0.8468749999999988 0.6305555555555543 0.05000000000000107 0.14444444444444432
1 0.7945312499999995 0.463888888888889 0.04843750000000035 0.13333333333333333
1 0.8585937499999997 0.5624999999999998 0.05156250000000038 0.1250000000000003
1 0.859374999999997 0.6555555555555541 0.04062500000000193 0.13888888888888926
2 0.16796874999999953 0.4458333333333331 0.039062499999999875 0.13055555555555554
2 0.028125 0.5625 0.0375 0.1527777777777778
