2 0.18515625000000013 0.8583333333333346 0.07656249999999999 0.18888888888888944
2 0.6945312499999994 0.8861111111111112 0.05468749999999899 0.2222222222222221
2 0.7929687500000001 0.5347222222222211 0.05468750000000035 0.1361111111111105
2 0.7828124999999992 0.4472222222222222 0.05624999999999991 0.1611111111111111
1 0.4570312500000002 0.48333333333333345 0.04531249999999973 0.12222222222222193
1 0.6109374999999992 0.6527777777777769 0.0593750000000011 0.15555555555555547
1 0.7265625 0.48888888888888893 0.040625 0.1388888888888889
1 0.87109375 0.4680555555555553 0.051562500000000344 0.1527777777777777
1 0.8390624999999976 0.5611111111111104 0.059375000000001954 0.12777777777777818
2 0.2609374999999995 0.4680555555555557 0.06562499999999985 0.14722222222222234
