2 0.28437500000000027 0.8833333333333334 0.09062499999999993 0.1777777777777779
2 0.8117187499999988 0.8513888888888885 0.05468749999999899 0.20277777777777767
2 0.9023437500000001 0.5069444444444435 0.05468750000000035 0.1361111111111105
2 0.834375 0.43333333333333335 0.05624999999999997 0.15
1 0.5132812500000002 0.463888888888889 0.04531249999999973 0.12222222222222193
1 0.6578124999999997 0.648611111111111 0.056250000000000556 0.1750000000000002
1 0.7859375 0.45277777777777783 0.040625 0.1388888888888889
1 0.92734375 0.44027777777777743 0.051562500000000344 0.1527777777777777
1 0.9078124999999976 0.5527777777777771 0.059375000000001954 0.12777777777777818
2 0.2609374999999995 0.45972222222222237 0.06562499999999985 0.14722222222222234
