2 0.14765625000000016 0.8361111111111122 0.07656249999999999 0.18888888888888944
2 0.6460937499999996 0.8861111111111112 0.05468749999999899 0.2222222222222221
2 0.7507812500000002 0.5430555555555545 0.05468750000000035 0.1361111111111105
2 0.7531249999999993 0.45833333333333337 0.05624999999999991 0.1611111111111111
1 0.4273437500000002 0.48611111111111116 0.04531249999999973 0.12222222222222193
1 0.5671874999999993 0.6527777777777769 0.0593750000000011 0.15555555555555547
1 0.6796875 0.4944444444444445 0.040625 0.1388888888888889
1 0.83203125 0.49861111111111084 0.051562500000000344 0.1527777777777777
1 0.7921874999999976 0.5694444444444439 0.059375000000001954 0.12777777777777818
2 0.24687499999999946 0.476388888888889 0.06562499999999985 0.14722222222222234
