2 0.4546874999999995 0.8569444444444452 0.07187499999999902 0.17499999999999893
2 0.5937500000000001 0.5972222222222205 0.0437500000000003 0.15555555555555414
2 0.6593749999999997 0.4888888888888894 0.04687499999999943 0.16111111111111126
1 0.3835937499999995 0.45555555555555527 0.05468749999999991 0.11111111111111122
1 0.5093749999999989 0.5972222222222213 0.05937500000000109 0.14999999999999994
1 0.5968749999999998 0.48888888888888893 0.040625 0.1388888888888889
1 0.7398437499999999 0.5236111111111109 0.05156250000000038 0.1250000000000003
1 0.6937499999999978 0.5361111111111103 0.059375000000001954 0.12777777777777818
2 0.15624999999999953 0.408333333333333 0.05312499999999968 0.11111111111111108
0 0.91953125 0.6888888888888883 0.03593750000000035 0.19444444444444428
