0 0.26015625 0.9236111111111112 0.0609375 0.14722222222222223
2 0.4273437499999999 0.7736111111111117 0.09218749999999981 0.17500000000000016
2 0.9179687499999993 0.6666666666666669 0.07968749999999948 0.13888888888888892
2 0.9421875 0.3583333333333333 0.06875 0.14444444444444443
2 0.7187500000000003 0.22083333333333321 0.056249999999999994 0.13055555555555565
1 0.5273437500000002 0.33611111111111136 0.05781249999999999 0.14444444444444432
1 0.5867187499999996 0.55 0.07031250000000004 0.1666666666666667
1 0.7828125 0.24444444444444444 0.040625 0.1388888888888889
1 0.88828125 0.23194444444444415 0.051562500000000344 0.1527777777777777
1 0.9312499999999995 0.47083333333333327 0.06562500000000017 0.15833333333333335
2 0.11718749999999951 0.4125 0.06562499999999985 0.14722222222222234
