2 0.573437499999999 0.6944444444444468 0.0593749999999986 0.16111111111110973
2 0.60546875 0.6569444444444424 0.05468749999999908 0.16944444444444307
2 0.7343749999999997 0.4597222222222227 0.046874999999999424 0.13611111111111138
1 0.7890624999999991 0.545833333333333 0.0468749999999999 0.13055555555555556
1 0.8937499999999988 0.6527777777777766 0.05000000000000107 0.14444444444444432
1 0.9171874999999988 0.47222222222222276 0.0406250000000007 0.14444444444444451
1 0.9523437499999997 0.5708333333333332 0.05156250000000038 0.1250000000000003
1 0.9578124999999971 0.7208333333333319 0.046875000000002096 0.1472222222222224
2 0.23359374999999946 0.459722222222222 0.039062499999999875 0.13055555555555554
2 0.134375 0.5375 0.0375 0.1527777777777778
