0 0.13515625 0.9236111111111112 0.0609375 0.14722222222222223
2 0.34453125 0.8180555555555555 0.0859375 0.175
2 0.89140625 0.5916666666666667 0.0703125 0.1111111111111111
2 0.8046875 0.3833333333333333 0.06875 0.14444444444444443
2 0.5953124999999999 0.16944444444444443 0.05625 0.12222222222222222
1 0.48515625 0.33055555555555555 0.0578125 0.12777777777777777
1 0.5203125 0.5152777777777777 0.0625 0.1527777777777778
1 0.68125 0.21666666666666667 0.040625 0.1388888888888889
1 0.7578125 0.20555555555555557 0.04375 0.14444444444444443
1 0.88671875 0.4847222222222223 0.0515625 0.1361111111111111
