0 0.17109374999999996 0.923611111111111 0.0609375 0.14722222222222223
2 0.3648437499999999 0.80138888888889 0.06718749999999982 0.17500000000000016
2 0.8742187499999996 0.6166666666666668 0.0796874999999995 0.13333333333333322
2 0.84375 0.34722222222222227 0.06875 0.14444444444444443
2 0.6187500000000002 0.17916666666666659 0.056249999999999994 0.13055555555555565
1 0.48828125 0.325 0.0578125 0.12777777777777777
1 0.5367187499999997 0.5333333333333334 0.07031250000000007 0.16111111111111107
1 0.7015625 0.21111111111111108 0.040625 0.1388888888888889
1 0.7882812499999997 0.21249999999999972 0.051562500000000344 0.1527777777777777
1 0.89375 0.4847222222222223 0.06562500000000017 0.13611111111111107
