2 0.5187499999999993 0.7513888888888911 0.0593749999999986 0.1749999999999986
2 0.5773437499999998 0.676388888888887 0.05468749999999908 0.16944444444444307
2 0.6703124999999998 0.455555555555556 0.04687499999999943 0.16111111111111126
1 0.556249999999999 0.4652777777777775 0.0468749999999999 0.13055555555555556
1 0.692187499999999 0.5972222222222208 0.05000000000000107 0.14444444444444432
1 0.6679687499999999 0.4680555555555555 0.04843750000000036 0.1527777777777777
1 0.7617187499999997 0.5486111111111108 0.05156250000000038 0.1250000000000003
1 0.7664062499999971 0.5708333333333323 0.05156250000000192 0.15277777777777815
2 0.1179687499999995 0.42916666666666636 0.039062499999999875 0.13055555555555554
0 0.94296875 0.7138888888888885 0.03593750000000035 0.19444444444444428
