0 0.3132812499999997 0.944444444444445 0.06093749999999999 0.1055555555555541
2 0.43203125 0.8375000000000001 0.07656249999999964 0.18611111111111178
2 0.9421874999999986 0.7250000000000005 0.06874999999999946 0.17777777777777837
2 0.9640625 0.39166666666666666 0.06875 0.14444444444444443
2 0.7921875000000003 0.28749999999999987 0.056249999999999994 0.1416666666666666
1 0.54921875 0.38611111111111135 0.0578125 0.13333333333333325
1 0.6320312499999997 0.597222222222222 0.0515625000000004 0.16666666666666674
1 0.8234375 0.3055555555555555 0.040625 0.1388888888888889
1 0.94453125 0.2874999999999997 0.051562500000000344 0.1527777777777777
1 0.9757812499999993 0.4986111111111103 0.045312500000001574 0.15833333333333324
2 0.1789062499999996 0.4347222222222226 0.05468749999999978 0.14166666666666689
