2 0.4164062499999999 0.8708333333333342 0.09531249999999987 0.18611111111111187
2 0.9164062499999989 0.7763888888888895 0.07968749999999955 0.2027777777777779
2 0.9625 0.436111111111111 0.06875 0.14444444444444443
2 0.8187500000000003 0.3374999999999998 0.056249999999999994 0.1416666666666666
1 0.5429687499999994 0.42361111111111144 0.057812499999999926 0.13055555555555554
1 0.6382812499999999 0.6236111111111109 0.07031250000000003 0.17500000000000007
1 0.8265625 0.36666666666666664 0.040625 0.1388888888888889
1 0.95234375 0.3374999999999997 0.051562500000000344 0.1527777777777777
1 0.970312499999999 0.529166666666666 0.05312500000000176 0.1583333333333333
2 0.2031249999999995 0.44583333333333336 0.06562499999999985 0.14722222222222234
