2 0.35859374999999993 0.8625000000000008 0.09531249999999987 0.18611111111111187
2 0.8773437499999985 0.8097222222222229 0.07968749999999955 0.2027777777777779
2 0.9289062500000002 0.4847222222222212 0.05468750000000035 0.1361111111111105
2 0.828125 0.40277777777777773 0.05624999999999997 0.15
1 0.5226562500000003 0.45555555555555577 0.04531249999999973 0.12222222222222191
1 0.6445312499999999 0.6374999999999996 0.07031250000000003 0.17500000000000007
1 0.803125 0.41666666666666663 0.040625 0.1388888888888889
1 0.9398437499999999 0.3874999999999996 0.051562500000000344 0.1527777777777777
1 0.9374999999999989 0.5374999999999992 0.059375000000001975 0.15833333333333333
2 0.23906249999999946 0.4541666666666667 0.06562499999999985 0.14722222222222234
