1 0.07734374999999899 0.49861111111111034 0.07187499999999972 0.1527777777777786
1 0.3953124999999998 0.6527777777777781 0.07343750000000017 0.16111111111111134
1 0.403125 0.2513888888888889 0.057812500000000225 0.1361111111111111
2 0.7234374999999998 0.5611111111111108 0.06718749999999982 0.14444444444444438
1 0.23515624999999962 0.39027777777777656 0.06874999999999995 0.13055555555555573
2 0.3656249999999999 0.5722222222222227 0.07656250000000013 0.13333333333333344
2 0.11484374999999993 0.26111111111111096 0.0562500000000004 0.12222222222222184
2 0.22421875000000013 0.6611111111111101 0.0843749999999999 0.16111111111111046
2 0.6984374999999998 0.7055555555555554 0.06406249999999983 0.18888888888888924
2 0.870312500000001 0.5249999999999995 0.07812500000000197 0.13333333333333364
0 0.6140625 0.8458333333333333 0.0515625 0.14166666666666666
