1 0.21953124999999896 0.6041666666666656 0.07187499999999972 0.15277777777777862
1 0.40312500000000023 0.6958333333333334 0.07343750000000027 0.13611111111111096
1 0.30234375 0.2541666666666667 0.059375 0.10833333333333334
1 0.5203125000000001 0.32361111111111107 0.057812500000000225 0.1361111111111111
2 0.8124999999999999 0.5555555555555552 0.06718749999999982 0.14444444444444438
1 0.32578124999999963 0.42638888888888765 0.06874999999999995 0.13055555555555573
2 0.39140624999999984 0.5722222222222226 0.06562500000000002 0.1277777777777776
2 0.23671874999999992 0.33333333333333326 0.03750000000000035 0.12222222222222193
2 0.2882812500000004 0.7152777777777766 0.08437499999999995 0.12500000000000006
2 0.7374999999999998 0.7555555555555553 0.06406249999999983 0.18888888888888924
2 0.892187500000001 0.580555555555555 0.07812500000000197 0.13333333333333364
0 0.41484375000000007 0.17361111111111113 0.034375 0.11944444444444445
