1 0.28593749999999946 0.6319444444444441 0.05468749999999996 0.10277777777777825
1 0.41640625 0.42499999999999993 0.05625 0.12777777777777777
1 0.40703125 0.2625 0.059375 0.10833333333333334
1 0.4734375 0.21250000000000008 0.05781250000000023 0.1361111111111111
2 0.74921875 0.3388888888888889 0.0625 0.14444444444444443
1 0.29374999999999957 0.30694444444444413 0.03906249999999996 0.13055555555555587
2 0.2585937499999998 0.3916666666666667 0.04375000000000011 0.12777777777777757
2 0.2960937499999999 0.22777777777777777 0.03750000000000035 0.12222222222222193
2 0.3406250000000001 0.663888888888889 0.04843750000000003 0.11111111111111067
2 0.62421875 0.5347222222222222 0.059375 0.1361111111111111
2 0.9820312500000001 0.34444444444444444 0.03281250000000034 0.1277777777777778
0 0.5585937500000001 0.10972222222222222 0.034375 0.11944444444444445
