1 0.12109374999999899 0.5847222222222213 0.07187499999999972 0.1527777777777786
1 0.35625000000000007 0.7569444444444448 0.07343750000000027 0.13611111111111096
1 0.10859375 0.2458333333333334 0.059375 0.10833333333333334
1 0.43125 0.34305555555555556 0.057812500000000225 0.1361111111111111
2 0.7328124999999999 0.6027777777777774 0.06718749999999982 0.14444444444444438
1 0.25546874999999963 0.4736111111111099 0.06874999999999995 0.13055555555555573
2 0.3585937499999999 0.6194444444444449 0.06562500000000002 0.1277777777777776
2 0.1804687499999999 0.3472222222222222 0.03750000000000035 0.12222222222222193
2 0.24609375000000042 0.7180555555555543 0.08437499999999995 0.12500000000000006
2 0.7124999999999999 0.7694444444444442 0.06406249999999983 0.18888888888888924
2 0.867187500000001 0.5888888888888885 0.07812500000000197 0.13333333333333364
