1 0.2593749999999994 0.6180555555555551 0.05468749999999996 0.10277777777777825
1 0.40859375 0.5638888888888889 0.05625 0.12777777777777777
1 0.39296875 0.2597222222222223 0.059375 0.10833333333333334
1 0.4984375000000001 0.2763888888888889 0.057812500000000225 0.1361111111111111
2 0.796875 0.46666666666666645 0.06718749999999982 0.14444444444444438
1 0.3156249999999996 0.39027777777777745 0.03906249999999996 0.1305555555555559
2 0.33359374999999986 0.48888888888888915 0.06562500000000014 0.12777777777777752
2 0.3226562499999999 0.2694444444444445 0.03750000000000035 0.12222222222222193
2 0.30000000000000016 0.6583333333333335 0.04843750000000003 0.11111111111111067
2 0.725 0.6499999999999999 0.06406249999999983 0.18888888888888924
2 0.935937500000001 0.4638888888888886 0.07500000000000198 0.12777777777777777
0 0.5664062500000001 0.12638888888888888 0.034375 0.11944444444444445
