1 0.03749999999999986 0.4930555555555547 0.07187499999999972 0.1527777777777786
1 0.3812499999999998 0.6277777777777781 0.07343750000000017 0.16111111111111134
1 0.34843749999999984 0.22638888888888886 0.057812500000000225 0.1361111111111111
2 0.6953124999999999 0.5444444444444442 0.06718749999999982 0.14444444444444438
1 0.18984374999999964 0.3791666666666655 0.06874999999999995 0.13055555555555573
2 0.35468749999999993 0.5611111111111116 0.07656250000000013 0.13333333333333344
2 0.057031249999999936 0.24999999999999986 0.0562500000000004 0.12222222222222184
2 0.18906250000000013 0.6236111111111101 0.08593749999999983 0.16944444444444415
2 0.6734374999999999 0.6805555555555555 0.06406249999999983 0.18888888888888924
2 0.834375000000001 0.519444444444444 0.07812500000000197 0.13333333333333364
