1 0.678222655595004 0.7899305544959175 0.1103515625 0.21874999999999983
2 0.8129882870046078 0.6093750047683714 0.08886718871642144 0.19444444691693336
2 0.2822808520853769 0.28544189858564856 0.06738281427784684 0.12673611111111105
2 0.10644533982269191 0.27951389895545015 0.060546875 0.13541666666666666
1 0.055664093565526436 0.2751736158794824 0.0625 0.1510416666666666
0 0.7666015783134742 0.6822916611035663 0.06445312799426806 0.2048611109345046
2 0.514648477829042 0.44618054513578154 0.07031250261998509 0.11805555873446917
2 0.32763668993017453 0.7690972186900956 0.0537109375000002 0.1979166666666665
2 0.063085934880016 0.4340277849303344 0.08203124869000797 0.15972222345846654
1 0.32714840896088737 0.612847233083512 0.0585937500000002 0.14930555926428854
