1 0.678222655595004 0.7899305544959175 0.1103515625 0.21874999999999983
2 0.8129882870046078 0.6093750047683714 0.08886718871642144 0.19444444691693336
2 0.2822808520853769 0.28544189858564856 0.06738281427784684 0.12673611111111105
2 0.10644533982269191 0.27951389895545015 0.060546875 0.13541666666666666
1 0.055664093565526436 0.2751736158794824 0.0625 0.1510416666666666
0 0.8466796956406637 0.7812499843703387 0.06445312799426804 0.2048611109345046
1 0.8427734464828026 0.4809027807800856 0.08789062499999983 0.17361111111111105
2 0.642089784800357 0.9312499966444797 0.07128906081572453 0.09375001059637944
1 0.9438475686208875 0.8133680460188139 0.06542968684500414 0.11979167337770756
1 0.5678710436895883 0.910416666048545 0.07324218918427564 0.11458334057419198
