1 0.678222655595004 0.7899305544959175 0.1103515625 0.21874999999999983
2 0.8129882870046078 0.6093750047683714 0.08886718871642144 0.19444444691693336
2 0.2822808520853769 0.28544189858564856 0.06738281427784684 0.12673611111111105
2 0.10644533982269191 0.27951389895545015 0.060546875 0.13541666666666666
1 0.055664093565526436 0.2751736158794824 0.0625 0.1510416666666666
0 0.8261718851056514 0.7725694296978147 0.06445312799426804 0.2048611109345046
2 0.6518554959323359 0.48784720756389616 0.0712890650264145 0.1527777774245646
2 0.6591796269128668 0.9277777747754699 0.08007812247358674 0.13888889489350306
2 0.019140626590704778 0.4322916739958296 0.03515625318140928 0.14583333598242845
1 0.8627928888872692 0.7916666593375041 0.06542968684500416 0.14930555926428857
1 0.6362304121396285 0.9555555503456687 0.07324218918427569 0.08333334375310673
