2 0.5822610309529318 0.6650326794061265 0.08915441167663875 0.1601307222786029
2 0.5459558834097415 0.4877451001169372 0.05882353011629828 0.13562091353672023
2 0.28492648265337245 0.5776143799160559 0.0625 0.14215686274509798
2 0.8694852977283811 0.9411764705882351 0.0845588235294116 0.0980392156862744
0 0.4529138513715826 0.28413707893756557 0.05273748123873055 0.12868751257684305
0 0.49356616493385114 0.796568608585268 0.07169117558992144 0.17810457233769775
1 0.3478860304685651 0.36192810640355844 0.06709558823529407 0.14215686274509803
1 0.23667281397668652 0.6225490043989206 0.0689338243220124 0.14705882103614626
1 0.3965992744812856 0.40604575279751115 0.0523897058823529 0.1486928104575163
1 0.7513786610589165 0.513888878915825 0.05790441106017288 0.16830065359477114
1 0.5951286707462532 0.7303921301847994 0.08180146812236778 0.1993463987462668
1 0.13602943307684573 0.5130719039019405 0.06617646812236765 0.1274509810570279
