2 0.5983455882352944 0.6683006529299003 0.08823529411764715 0.179738563421245
2 0.5698529399435368 0.4991830074501452 0.05882353011629828 0.13562091353672023
2 0.4145220584712629 0.5939542475349243 0.0625 0.14215686274509798
2 0.9071691176470587 0.9411764705882351 0.0845588235294116 0.0980392156862744
0 0.4531249999999997 0.2973856202501618 0.06433823529411761 0.11764706148301302
0 0.3832720578547959 0.6192810449205455 0.0625 0.15032679738562088
1 0.3589154411764707 0.3799019607843138 0.06709558823529407 0.14215686274509803
1 0.4439338235294118 0.4730392156862745 0.07720588235294121 0.12254901960784308
1 0.5022977937653805 0.417483660130719 0.0523897058823529 0.1486928104575163
1 0.590533088235294 0.4158496732026144 0.05055147058823532 0.16830065359477117
1 0.5353860294117647 0.4681372549019608 0.05606617647058813 0.1356209150326797
1 0.35845588235294124 0.59640522875817 0.04044117647058822 0.13398692810457513
