2 0.3858653039725779 0.5501867527135077 0.06808035907403352 0.15546218867321174
2 0.16544121398700035 0.4825708087042958 0.047181374369064485 0.1416121983303052
2 0.197150755769624 0.5882352938683196 0.07077205803092913 0.14705882303075818
2 0.8266806799810311 0.9112044855563611 0.09401260413618642 0.17203547333172234
0 0.6547793924428728 0.2673202638314438 0.03676470852435322 0.13398692910188142
1 0.3753181545369455 0.3831699343080875 0.07204468278371323 0.1491955749501491
1 0.26034009112073364 0.5359477060189173 0.07031250066050054 0.17973855627388327
1 0.2486213474835529 0.3913398719405295 0.0523897058823529 0.1486928104575163
1 0.7734374824747278 0.3537581762509141 0.05790441106017288 0.16830065359477114
1 0.6089154341311348 0.9065359500394666 0.07996323300438288 0.1813725443655111
1 0.03676473670569569 0.6838235205191158 0.06617646812236759 0.1617647030566519
2 0.7182904650425443 0.33169934823362385 0.06525735294117666 0.1405228758169934
