2 0.3965992840365221 0.643790851501597 0.06709559026082756 0.16666666932615043
2 0.170496360561457 0.5318627426878821 0.07261029350118023 0.14215686058426757
2 0.28538604143286866 0.7401960627237966 0.07996323362085057 0.19934639941113688
2 0.8782169145388043 0.9163398725222911 0.08731617620638672 0.1519607788285416
0 0.3143382485921882 0.39052286567771205 0.04963235435024373 0.12745098205433406
1 0.20358457370680072 0.538398676687338 0.07628676382521535 0.15522875684019283
1 0.2720588399978834 0.5400326729236344 0.05147059070116185 0.16830064894067526
1 0.5592830824228924 0.39460784546430316 0.0523897058823529 0.14215686340996894
1 0.3681066389591983 0.4403594746309168 0.050551470588235434 0.10947713016684478
1 0.8644301155309475 0.722712439327197 0.07996323300438295 0.14705882236588771
1 0.5174632200585799 0.4697712547119393 0.06617646812236763 0.11928104724759372
2 0.505514750135866 0.399509798851928 0.053308824674278235 0.12254902143623812
