2 0.49126839261271116 0.5522875928359336 0.06709559026082754 0.14705882818350813
2 0.3630514891703083 0.4746732060218424 0.06801470570621992 0.1094771253465307
2 0.44347426157951486 0.6887254797243609 0.07996323362085057 0.14542483626887123
2 0.9625919111482402 0.8926470644749321 0.0716911777035215 0.20588234197080754
0 0.2812500164684716 0.43790848177243047 0.04963235435024373 0.12745098205433406
1 0.22931986535858034 0.538398676687338 0.07628676382521535 0.15522875684019283
1 0.32261030574245064 0.5032679707811805 0.05147059070116187 0.13725490046482508
1 0.5693933755718059 0.38970588517864263 0.0523897058823529 0.14215686340996894
1 0.408547811554852 0.47630718339242734 0.050551470588235434 0.10947713016684478
1 0.5988051409822223 0.7129085187558759 0.08915440859430422 0.14705882236588774
1 0.5946690950139188 0.44035949299797594 0.05330882229647807 0.11274510020004591
2 0.5045956325768738 0.4174836532326834 0.053308824674278235 0.12254902143623812
