2 0.3858653039725779 0.5501867527135077 0.06808035907403352 0.15546218867321174
2 0.16544121398700035 0.4825708087042958 0.047181374369064485 0.1416121983303052
2 0.197150755769624 0.5882352938683196 0.07077205803092913 0.14705882303075818
2 0.8266806799810311 0.9112044855563611 0.09401260413618642 0.17203547333172234
0 0.6547793924428728 0.2673202638314438 0.03676470852435322 0.13398692910188142
1 0.2826286837801238 0.4027777754507296 0.07628676382521535 0.15522875684019283
1 0.17647061386270185 0.5261437854475962 0.07169117699898872 0.17973855627388333
1 0.19071694126704877 0.3782679778454346 0.0523897058823529 0.1486928104575163
1 0.670496315867609 0.3366013152511023 0.05790441106017288 0.14705882569024237
1 0.6842830739684893 0.9138888904679578 0.07996323300438288 0.16666666350853027
1 0.2086397202372239 0.683823520519116 0.06617646812236759 0.1617647030566519
2 0.5574448922189217 0.36111110994758683 0.0487132368793177 0.14052287581699335
