2 0.5822610309529318 0.6650326794061265 0.08915441167663875 0.1601307222786029
2 0.5459558834097415 0.4877451001169372 0.05882353011629828 0.13562091353672023
2 0.28492648265337245 0.5776143799160559 0.0625 0.14215686274509798
2 0.8694852977283811 0.9411764705882351 0.0845588235294116 0.0980392156862744
0 0.4529138513715826 0.28413707893756557 0.05273748123873055 0.12868751257684305
0 0.49356616493385114 0.796568608585268 0.07169117558992144 0.17810457233769775
1 0.3478860304685651 0.36192810640355844 0.06709558823529407 0.14215686274509803
1 0.24218751933063917 0.6225490043989202 0.06893382432201238 0.17973855627388327
1 0.35064339653167925 0.4174836601307191 0.0523897058823529 0.1486928104575163
1 0.7651654244437985 0.43545751434525637 0.05790441106017288 0.16830065359477114
1 0.6550026145891691 0.8032212544288977 0.07812499788639897 0.20261437227003998
1 0.1194853170149874 0.5294117715208089 0.06617646812236765 0.1274509810570279
