2 0.3249081144351358 0.6258169971208416 0.07812500096873334 0.1764705898974713
2 0.08134195733922041 0.5196078419737306 0.0726102935011802 0.17647058258389114
2 0.10753679376789135 0.6985294002956819 0.0845588214158111 0.16503267741151328
2 0.7164522241561891 0.9138888923794607 0.08731617620638671 0.16666665968552274
0 0.4466911770870546 0.30555555405959606 0.05330882458621209 0.1339869291018815
1 0.21737133709168263 0.43872548421224034 0.07628676382521535 0.15522875684019283
1 0.1966912001605288 0.5465686199711817 0.05147059070116185 0.16830064894067526
1 0.2715992864583562 0.39460784546430316 0.0523897058823529 0.1486928104575163
1 0.5087316254849942 0.36029412329846144 0.050551470588235434 0.10947713016684478
1 0.8111212971094034 0.9040849698966369 0.07996323300438293 0.17973855760362503
1 0.3180147097572874 0.655228752186096 0.0661764681223676 0.13725490162834886
2 0.4967831333254412 0.37745097756645535 0.0487132368793177 0.12745098172189873
