2 0.5983455882352944 0.6683006529299003 0.08823529411764715 0.179738563421245
2 0.5698529399435368 0.4991830074501452 0.05882353011629828 0.13562091353672023
2 0.4145220584712629 0.5939542475349243 0.0625 0.14215686274509798
2 0.9071691176470587 0.9411764705882351 0.0845588235294116 0.0980392156862744
0 0.4531249999999997 0.2973856202501618 0.06433823529411761 0.11764706148301302
0 0.3832720578547959 0.6192810449205455 0.0625 0.15032679738562088
1 0.3589154411764707 0.3799019607843138 0.06709558823529407 0.14215686274509803
1 0.30652574846008845 0.5645424743519378 0.06158088385007523 0.12254901960784306
1 0.44255515243089205 0.41584967336883216 0.0523897058823529 0.1486928104575163
1 0.7155330762582236 0.4321895408214827 0.05790441106017288 0.16830065359477114
1 0.6130514631465999 0.5718954142817755 0.07352941009143844 0.1503267958896615
1 0.38602940912270484 0.6200980368055286 0.07352940859430476 0.1584967295328779
