2 0.3249081144351358 0.6258169971208416 0.07812500096873334 0.1764705898974713
2 0.08134195733922041 0.5196078419737306 0.0726102935011802 0.17647058258389114
2 0.16176472974842718 0.7369280892000231 0.07169117558992147 0.19607842588736324
2 0.8000919220244731 0.9359477136649333 0.08731617620638672 0.12254901711457848
0 0.3795955952806294 0.3415032628211066 0.04963235435024374 0.12745098205433406
1 0.20634192638377713 0.49754900764016674 0.07628676382521535 0.15522875684019283
1 0.23713237275618249 0.564542474351937 0.05147059070116185 0.16830064894067526
1 0.35891545456260815 0.4207516336544927 0.0523897058823529 0.14215686340996894
1 0.4048713413188835 0.396241832059972 0.050551470588235434 0.10947713016684478
1 0.8910845247417185 0.8370915126592761 0.07996323300438293 0.17973855760362503
1 0.4108455832154926 0.5866013081868486 0.06617646812236762 0.13071895458080163
2 0.43428313931397583 0.38643790475683315 0.04871323687931768 0.12254902143623816
