2 0.43198531005771906 0.5849673280736708 0.06801470781981993 0.16013072227860284
2 0.35202207846240263 0.4599673251648607 0.07169117594218795 0.15196078115558875
2 0.288143394109845 0.574346406392282 0.0689338229129449 0.15849673036396641
2 0.8281250075737339 0.9166666691599329 0.09007352888336363 0.1633986861617491
0 0.6249999835315279 0.2908496732026144 0.05330882458621209 0.1339869291018815
1 0.40579043668506914 0.36029411964167174 0.06709558823529407 0.14215686274509803
1 0.28722427972125336 0.5196078384000488 0.06893382432201238 0.17973855627388327
1 0.3512178450060495 0.3694852990002929 0.0523897058823529 0.1486928104575163
1 0.8879736705952852 0.37286325223605254 0.05790441106017288 0.16830065359477114
1 0.6833639564094974 0.8545751240881989 0.09650734906624131 0.2026143722700401
1 0.07812502686034152 0.6429738514719446 0.0661764681223676 0.1617647030566519
