1 0.11328124999999957 0.57824074074074 0.07187499999999972 0.1527777777777786
1 0.36770833333333314 0.7444444444444449 0.07343750000000017 0.16111111111111134
1 0.0890625 0.2597222222222222 0.059375 0.10833333333333334
1 0.4291666666666666 0.3402777777777778 0.057812500000000225 0.1361111111111111
1 0.7281249999999999 0.6009259259259256 0.06718749999999982 0.14444444444444438
1 0.24557291666666634 0.46249999999999875 0.06874999999999995 0.13055555555555573
2 0.35260416666666666 0.6120370370370375 0.07656250000000013 0.13333333333333344
2 0.17369791666666662 0.347222222222222 0.0562500000000004 0.12222222222222184
2 0.2388020833333335 0.7064814814814804 0.08541666666666652 0.16666666666666624
2 0.7062499999999998 0.7629629629629626 0.06406249999999983 0.18888888888888924
2 0.868750000000001 0.5824074074074069 0.07812500000000197 0.13333333333333364
0 0.3351562500000002 0.17847222222222203 0.04218750000000035 0.12638888888888922
