1 0.462890625 0.41805555555555585 0.07343750000000017 0.16111111111111134
1 0.8265624999999993 0.6513888888888877 0.06718749999999979 0.20833333333333368
1 0.1745312499999997 0.32027777777777655 0.06874999999999995 0.18055555555555564
2 0.6507812500000001 0.5180555555555554 0.07656250000000009 0.19722222222222408
2 0.1480468750000002 0.7575925925925915 0.08593749999999983 0.16944444444444415
2 0.95546875 0.6055555555555555 0.06406249999999983 0.18888888888888924
2 0.5343749999999988 0.5583333333333325 0.07812500000000187 0.2166666666666679
0 0.038697916666666644 0.7793518518518519 0.0515625 0.14166666666666666
1 0.25312499999999993 0.13472222222222224 0.07343749999999996 0.12500000000000006
2 0.20859375 0.33333333333333337 0.0625 0.1611111111111111
