1 0.23671874999999898 0.6124999999999989 0.07187499999999972 0.1527777777777786
1 0.41406250000000017 0.6597222222222224 0.07343750000000027 0.13611111111111096
1 0.33203125 0.23472222222222228 0.059375 0.10833333333333334
1 0.5140625000000001 0.3180555555555556 0.057812500000000225 0.1361111111111111
1 0.8062499999999999 0.5361111111111108 0.06718749999999982 0.14444444444444438
1 0.33984374999999956 0.42916666666666553 0.06874999999999995 0.13055555555555573
2 0.4054687499999999 0.5599206349206355 0.06562500000000002 0.1277777777777776
2 0.3273437499999999 0.3055555555555556 0.03750000000000035 0.12222222222222193
2 0.31484375000000037 0.6902777777777765 0.08437499999999995 0.12500000000000006
2 0.7609374999999998 0.7277777777777775 0.06406249999999983 0.18888888888888924
2 0.942187500000001 0.5388888888888883 0.07812500000000197 0.13333333333333364
0 0.5398437500000001 0.13749999999999996 0.034375 0.11944444444444445
