1 0.21953124999999896 0.6041666666666656 0.07187499999999972 0.15277777777777862
1 0.42031250000000014 0.6125000000000004 0.07343750000000027 0.13611111111111096
1 0.37578125 0.2458333333333333 0.059375 0.10833333333333334
1 0.5203125000000001 0.32361111111111107 0.057812500000000225 0.1361111111111111
1 0.8234374999999998 0.5194444444444442 0.06718749999999982 0.14444444444444438
1 0.33984374999999956 0.409722222222221 0.06874999999999995 0.13055555555555573
2 0.39140624999999984 0.5194444444444448 0.06562500000000002 0.1277777777777776
2 0.333203125 0.2979166666666667 0.03750000000000035 0.12222222222222193
2 0.31953125000000043 0.6763888888888883 0.058593750000000035 0.1250000000000001
2 0.7683593749999998 0.6916666666666664 0.06406249999999983 0.18888888888888924
2 0.944531250000001 0.5166666666666662 0.07812500000000197 0.13333333333333364
0 0.5679687500000001 0.13402777777777783 0.034375 0.11944444444444445
