1 0.10703124999999986 0.5347222222222215 0.039062499999999716 0.15277777777777868
1 0.3765624999999998 0.7125000000000005 0.07343750000000017 0.16111111111111134
1 0.06796874999999998 0.22777777777777763 0.07031249999999997 0.13888888888888903
1 0.42421875 0.3166666666666667 0.057812500000000225 0.1361111111111111
1 0.7364583333333331 0.5932098765432094 0.06718749999999982 0.14444444444444438
1 0.2562499999999996 0.4486111111111101 0.06874999999999995 0.13055555555555573
2 0.35468749999999993 0.615277777777778 0.07656250000000013 0.13333333333333344
2 0.15937499999999993 0.33055555555555544 0.0562500000000004 0.12222222222222184
2 0.23828125000000014 0.6972222222222212 0.08593749999999983 0.16944444444444415
2 0.7164062499999999 0.7527777777777775 0.06406249999999983 0.18888888888888924
2 0.8730902777777787 0.5635802469135798 0.07812500000000197 0.13333333333333364
0 0.7390625 0.9263888888888888 0.0515625 0.14166666666666666
