1 0.3375 0.675 0.0546875 0.17222222222222222
1 0.36484375 0.38611111111111107 0.05625 0.12777777777777777
1 0.37578125 0.2763888888888889 0.059375 0.10833333333333334
1 0.38984375 0.2111111111111111 0.0625 0.1
1 0.67421875 0.27777777777777773 0.0625 0.14444444444444443
1 0.221875 0.3097222222222223 0.0390625 0.09166666666666666
2 0.21953125 0.3680555555555556 0.040625 0.09166666666666666
2 0.2632812499999999 0.2527777777777778 0.03750000000000035 0.12222222222222191
2 0.45546875 0.738888888888889 0.065625 0.17222222222222222
2 0.55546875 0.4541666666666667 0.059375 0.1361111111111111
2 0.93671875 0.29444444444444445 0.05625 0.12777777777777777
0 0.51484375 0.10694444444444445 0.034375 0.11944444444444445
