1 0.10781249999999985 0.5541666666666658 0.07187499999999972 0.1527777777777786
1 0.3796874999999998 0.7416666666666671 0.07343750000000017 0.16111111111111134
1 0.075 0.23749999999999996 0.059375 0.10833333333333334
1 0.4171875 0.3097222222222223 0.057812500000000225 0.1361111111111111
1 0.7296874999999998 0.5888888888888886 0.06718749999999982 0.14444444444444438
1 0.2476562499999996 0.44861111111111 0.06874999999999995 0.13055555555555573
2 0.35937499999999994 0.6083333333333338 0.07656250000000013 0.13333333333333344
2 0.16796874999999992 0.33055555555555544 0.0562500000000004 0.12222222222222184
2 0.24687500000000018 0.7152777777777766 0.08593749999999983 0.16944444444444415
2 0.7124999999999999 0.7611111111111108 0.06406249999999983 0.18888888888888924
2 0.864062500000001 0.5722222222222217 0.07812500000000197 0.13333333333333364
0 0.3210937500000001 0.16458333333333322 0.03593750000000035 0.11527777777777821
0 0.7515625 0.9263888888888888 0.0515625 0.14166666666666666
