1 0.30156249999999946 0.6402777777777773 0.05468749999999996 0.10277777777777825
1 0.43984375 0.46111111111111114 0.05625 0.12777777777777777
1 0.41796875 0.26527777777777783 0.059375 0.10833333333333334
1 0.5062500000000001 0.2569444444444445 0.057812500000000225 0.1361111111111111
1 0.7953125 0.40833333333333316 0.06718749999999982 0.14444444444444438
1 0.31718749999999957 0.3430555555555552 0.03906249999999996 0.1305555555555559
2 0.3085937499999998 0.4527777777777777 0.04375000000000011 0.12777777777777757
2 0.32890624999999996 0.25833333333333336 0.03750000000000035 0.12222222222222193
2 0.3093750000000001 0.6416666666666668 0.04843750000000003 0.11111111111111067
2 0.7046875 0.5888888888888888 0.06406249999999983 0.18888888888888924
2 0.9679687500000006 0.41111111111111087 0.051562500000001045 0.1277777777777778
0 0.5835937500000001 0.12083333333333332 0.034375 0.11944444444444445
