1 0.251562499999999 0.6263888888888881 0.054687499999999875 0.15277777777777876
1 0.41484375 0.6277777777777778 0.05625 0.12777777777777777
1 0.37421875 0.2541666666666667 0.059375 0.10833333333333334
1 0.5296875000000001 0.3125 0.057812500000000225 0.1361111111111111
1 0.8156249999999998 0.5055555555555553 0.06718749999999982 0.14444444444444438
1 0.3406249999999996 0.41249999999999964 0.03906249999999996 0.1305555555555559
2 0.3976562499999999 0.5222222222222226 0.0562500000000001 0.12777777777777757
2 0.33359375 0.2888888888888889 0.03750000000000035 0.12222222222222193
2 0.32890625000000023 0.6666666666666665 0.050000000000000024 0.11111111111111066
2 0.7578124999999999 0.6944444444444443 0.06406249999999983 0.18888888888888924
2 0.946875000000001 0.5111111111111107 0.07500000000000198 0.12777777777777777
0 0.5632812500000001 0.14305555555555555 0.034375 0.11944444444444445
