1 0.251562499999999 0.6263888888888881 0.054687499999999875 0.15277777777777876
1 0.41484375 0.6277777777777778 0.05625 0.12777777777777777
1 0.37421875 0.2541666666666667 0.059375 0.10833333333333334
1 0.5296875000000001 0.3125 0.057812500000000225 0.1361111111111111
1 0.8156249999999998 0.5055555555555553 0.06718749999999982 0.14444444444444438
1 0.3406249999999996 0.41249999999999964 0.03906249999999996 0.1305555555555559
2 0.3976562499999999 0.5222222222222226 0.0562500000000001 0.12777777777777757
2 0.33359375 0.2888888888888889 0.03750000000000035 0.12222222222222193
2 0.3273437500000004 0.6661111111111108 0.050000000000000065 0.12222222222222222
2 0.7619531249999999 0.695 0.06406249999999983 0.18888888888888924
2 0.950078125000001 0.5023611111111107 0.07750000000000198 0.1322222222222225
0 0.5710156250000001 0.1554166666666667 0.034375 0.11944444444444445
