1 0.15859374999999898 0.596527777777777 0.07187499999999972 0.1527777777777786
1 0.36562500000000014 0.740277777777778 0.07343750000000027 0.13611111111111096
1 0.16875 0.2597222222222222 0.059375 0.10833333333333334
1 0.4515625 0.3458333333333334 0.057812500000000225 0.1361111111111111
1 0.7499999999999999 0.5861111111111108 0.06718749999999982 0.14444444444444438
1 0.28515624999999956 0.46041666666666553 0.06874999999999995 0.13055555555555573
2 0.3656249999999999 0.5916666666666672 0.07656250000000013 0.13333333333333347
2 0.22187499999999993 0.3347222222222221 0.0562500000000004 0.12222222222222184
2 0.26328125000000013 0.7222222222222213 0.0843749999999999 0.16111111111111046
2 0.7234374999999998 0.7444444444444442 0.06406249999999983 0.18888888888888924
2 0.876562500000001 0.5833333333333327 0.07812500000000197 0.13333333333333364
0 0.390625 0.16458333333333336 0.034374999999999996 0.09861111111111111
