1 0.11953124999999899 0.5819444444444437 0.07187499999999972 0.1527777777777786
1 0.3640624999999998 0.769444444444445 0.07343750000000017 0.16111111111111134
1 0.1109375 0.25416666666666665 0.059375 0.10833333333333334
1 0.4265625 0.32638888888888895 0.057812500000000225 0.1361111111111111
1 0.7281249999999999 0.5805555555555553 0.06718749999999982 0.14444444444444438
1 0.2539062499999996 0.46249999999999875 0.06874999999999995 0.13055555555555573
2 0.36718749999999994 0.6222222222222227 0.07656250000000013 0.13333333333333344
2 0.18203124999999998 0.3499999999999998 0.0562500000000004 0.12222222222222184
2 0.24921875000000016 0.7222222222222213 0.0843749999999999 0.16111111111111046
2 0.7109374999999999 0.7611111111111108 0.06406249999999983 0.18888888888888924
2 0.871875000000001 0.5749999999999994 0.07812500000000197 0.13333333333333364
0 0.34375 0.17986111111111103 0.034375000000000065 0.11250000000000018
