1 0.10468749999999989 0.5291666666666665 0.05624999999999967 0.15277777777777868
1 0.400892857142857 0.6845238095238101 0.07343750000000017 0.16111111111111134
1 0.03671874999999999 0.18055555555555536 0.07031249999999997 0.13888888888888903
1 0.42901785714285706 0.2859126984126984 0.057812500000000225 0.1361111111111111
1 0.7386718749999999 0.5831018518518515 0.06718749999999982 0.14444444444444438
1 0.24944196428571394 0.42242063492063375 0.06874999999999995 0.14484126984127
2 0.3676339285714284 0.6007936507936512 0.07656250000000013 0.13333333333333344
2 0.14609374999999997 0.28472222222222215 0.05937500000000036 0.13055555555555529
2 0.241607142857143 0.6705952380952369 0.08593749999999983 0.16944444444444415
2 0.7227678571428571 0.716785714285714 0.06406249999999983 0.18888888888888924
2 0.8885416666666675 0.5322453703703698 0.07812500000000197 0.13333333333333364
0 0.654206730769231 0.8635683760683761 0.0515625 0.14166666666666666
