2 0.330468810506317 0.31388888888888916 0.075 0.1388888888888894
2 0.386718787816448 0.6652777777777765 0.08437522689868841 0.16944444444444365
2 0.47968750756328943 0.40555555555555556 0.07031269664552994 0.1555555555555554
2 0.5914069004429053 0.690277777777777 0.07812527227842658 0.18611111111111028
2 0.7000013613921293 0.3499999999999996 0.07343777227842505 0.15555555555555536
2 0.23749845708891995 0.29583333333333334 0.0703125 0.11944444444444445
1 0.3757804180381435 0.7708333333333327 0.07812512101263351 0.1527777777777776
1 0.3539052365191925 0.25277777777777777 0.06875 0.14444444444444443
1 0.5906250302531574 0.4527777777777775 0.06406249999999994 0.16111111111111157
1 0.8882810079747334 0.8597222222222218 0.08437515126579141 0.19722222222222066
0 0.5132812802531587 0.14861111111111136 0.05000012101263377 0.14722222222222223
0 0.05077785408296654 0.6638888888888889 0.0625002268986881 0.14444444444444493
1 0.8238266652851053 0.23888888888888876 0.052343765126579275 0.14444444444444438
