2 0.3226562348734208 0.47916666666666674 0.075 0.11944444444444445
2 0.37734369705697274 0.6013888888888888 0.04687486386078719 0.13055555555555556
2 0.47890625 0.4527777777777778 0.05 0.15
2 0.5195312046202624 0.4513888888888888 0.05 0.1361111111111111
2 0.5593750000000002 0.4305555555555556 0.045312500000000006 0.11111111111111117
2 0.39843751512657927 0.39861111111111114 0.0703125 0.11944444444444445
1 0.46171875 0.7555555555555555 0.065625 0.15
1 0.45859375 0.6 0.06875 0.14444444444444443
1 0.5875 0.5097222222222222 0.0640625 0.125
1 0.91328125 0.923611111111111 0.06875 0.1527777777777778
0 0.5023436743671038 0.2763888888888889 0.0375 0.14722222222222223
0 0.4015625 0.6125 0.0390625 0.1361111111111111
