2 0.26015562981025214 0.47222222222222243 0.07500000000000001 0.1333333333333335
2 0.3218744100634106 0.5652777777777769 0.06718756050631654 0.15277777777777704
2 0.3874991150951159 0.5111111111111112 0.0578125756328963 0.15555555555555547
2 0.48828090208867736 0.6638888888888888 0.09687545379737683 0.14444444444444426
2 0.6140630294302724 0.434722222222222 0.07031274202526687 0.14166666666666658
2 0.29218648651919266 0.35694444444444445 0.0703125 0.11944444444444445
1 0.36249903946222006 0.738888888888889 0.0671875151265792 0.17222222222222222
1 0.3179673886078705 0.5194444444444444 0.06875 0.14444444444444443
1 0.3999981848104938 0.5263888888888889 0.06406249999999997 0.13611111111111124
1 0.8742183718355194 0.9416666666666668 0.06875000000000003 0.1111111111111111
0 0.46484331132920254 0.251388888888889 0.05000012101263377 0.14722222222222223
0 0.20546685161430872 0.6736111111111102 0.056250166392371265 0.18611111111111162
