2 0.28515587183551966 0.34166666666666695 0.075 0.1388888888888894
2 0.33515578863933393 0.5902777777777766 0.08437522689868841 0.16944444444444365
2 0.3796865394622197 0.42222222222222217 0.0578125756328963 0.15555555555555547
2 0.5367188710126328 0.7013888888888886 0.09687545379737682 0.16388888888888825
2 0.7093764521516042 0.36388888888888843 0.07343777227842505 0.15555555555555536
2 0.20781066968391498 0.3041666666666667 0.0703125 0.11944444444444445
1 0.2960921465826034 0.7486111111111104 0.07812512101263351 0.1527777777777776
1 0.3164048734812912 0.3277777777777777 0.06875 0.14444444444444443
1 0.4515611839876073 0.45555555555555527 0.06406249999999994 0.16111111111111157
1 0.8570307054431481 0.915277777777778 0.07187503025315842 0.16388888888888858
0 0.4898435533544703 0.18750000000000022 0.05000012101263377 0.14722222222222223
0 0.0664030053487587 0.6388888888888886 0.06250022689868813 0.16111111111111145
