2 0.3226562348734208 0.47916666666666674 0.075 0.11944444444444445
2 0.37734369705697274 0.6013888888888888 0.04687486386078719 0.13055555555555556
2 0.47890625 0.4527777777777778 0.05 0.15
2 0.5195312046202624 0.4513888888888888 0.05 0.1361111111111111
2 0.5593750000000002 0.4305555555555556 0.045312500000000006 0.11111111111111117
2 0.39843751512657927 0.39861111111111114 0.0703125 0.11944444444444445
1 0.4679688105063169 0.7555555555555555 0.065625 0.15
1 0.4242184172152573 0.5777777777777778 0.06875 0.14444444444444443
1 0.5140617890507766 0.5736111111111112 0.06406249999999997 0.13611111111111124
1 0.9539066432910595 0.9416666666666665 0.06875000000000003 0.1111111111111111
0 0.5226563710126335 0.28194444444444455 0.05000012101263377 0.14722222222222223
0 0.3507807583861758 0.6624999999999995 0.05000010588605441 0.18611111111111162
