2 0.31640617436710416 0.2944444444444446 0.075 0.1388888888888894
2 0.5234388613921284 0.7888888888888873 0.08281271177210917 0.19444444444444428
2 0.5906260815504134 0.4916666666666667 0.07031269664552994 0.17222222222222208
2 0.6359385815504128 0.6833333333333335 0.07656275715184704 0.2055555555555556
2 0.6062504537973765 0.3499999999999996 0.07343777227842505 0.15555555555555536
2 0.2421860024686576 0.34444444444444466 0.07031249999999999 0.12777777777777777
1 0.3312487369306352 0.7986111111111107 0.07343757563289582 0.15833333333333216
1 0.35546775164577155 0.23888888888888885 0.06875 0.14444444444444443
1 0.7062511496200194 0.5138888888888886 0.06406249999999994 0.16111111111111157
1 0.9700523051898289 0.8976851851851856 0.0531248487342062 0.1972222222222206
0 0.5132812802531589 0.18194444444444463 0.05000012101263377 0.14722222222222223
0 0.06640300534875866 0.7027777777777777 0.0625002268986881 0.14444444444444493
1 0.7066380307916639 0.2888888888888887 0.052343765126579275 0.14444444444444438
