2 0.2164052062660343 0.45277777777777795 0.075 0.1388888888888894
2 0.28359278946221983 0.5402777777777767 0.07500013613921294 0.16944444444444373
2 0.34374869155089777 0.47222222222222227 0.0578125756328963 0.15555555555555547
2 0.4585931146836723 0.6722222222222222 0.09687545379737683 0.14444444444444426
2 0.5906253025315842 0.405555555555555 0.07968783278474202 0.1555555555555553
2 0.2171857604433903 0.3375 0.0703125 0.11944444444444445
1 0.3046859797787889 0.7236111111111109 0.0671875151265792 0.1527777777777777
1 0.2539042684181227 0.4472222222222222 0.06875 0.14444444444444443
1 0.3578102763928543 0.4916666666666668 0.06406249999999994 0.13888888888888937
1 0.8226553726584058 0.9222222222222217 0.08125012101263412 0.15000000000000036
0 0.408592766772351 0.22361111111111132 0.05000012101263377 0.14722222222222223
0 0.09765330788034296 0.6708333333333327 0.06250022689868814 0.18611111111111162
