2 0.32109371974684153 0.3194444444444447 0.075 0.1388888888888894
2 0.349218424778547 0.6180555555555545 0.08437522689868841 0.16944444444444365
2 0.42187444787985856 0.41944444444444434 0.0578125756328963 0.15555555555555547
2 0.5648441432910585 0.7013888888888886 0.09687545379737682 0.16388888888888825
2 0.7421892698097677 0.36388888888888843 0.07343777227842505 0.15555555555555536
2 0.24843606297497453 0.3013888888888889 0.0703125 0.11944444444444445
1 0.35078017601287614 0.7624999999999993 0.07812512101263351 0.1527777777777776
1 0.37578044829130147 0.2972222222222222 0.06875 0.14444444444444443
1 0.5406245462026225 0.4444444444444442 0.06406249999999994 0.16111111111111157
1 0.8804684323418367 0.8930555555555554 0.07187503025315842 0.17499999999999935
0 0.5289064315189509 0.16250000000000026 0.05000012101263377 0.14722222222222223
0 0.06327797509560025 0.6361111111111112 0.0625002268986881 0.14444444444444493
1 0.89413984598117 0.24166666666666653 0.052343765126579275 0.14444444444444438
