2 0.17890484322813308 0.416666666666667 0.075 0.1388888888888894
2 0.2601550625635316 0.5291666666666656 0.07500013613921294 0.16944444444444373
2 0.3015607831332589 0.45833333333333337 0.0578125756328963 0.15555555555555547
2 0.44453047854445943 0.6722222222222222 0.09687545379737683 0.14444444444444426
2 0.589062787405005 0.3972222222222217 0.07968783278474204 0.1555555555555553
2 0.1984355789244397 0.3041666666666667 0.0703125 0.11944444444444445
1 0.2585917835447022 0.7486111111111103 0.07812512101263351 0.1527777777777776
1 0.2804670255699693 0.34444444444444444 0.06875 0.14444444444444443
1 0.40312321506365156 0.44999999999999973 0.06406249999999994 0.16111111111111157
1 0.8257804029115638 0.9125000000000003 0.07187503025315842 0.16388888888888858
0 0.45703073569630676 0.19027777777777796 0.05000012101263377 0.14722222222222223
0 0.050777854082966555 0.6486111111111107 0.06250022689868814 0.18611111111111162
