2 0.2320303575318264 0.4611111111111112 0.075 0.1388888888888894
2 0.29765542560143277 0.5541666666666657 0.07500013613921294 0.16944444444444373
2 0.3609363579432693 0.4777777777777778 0.0578125756328963 0.15555555555555547
2 0.46640569031656837 0.6666666666666665 0.09687545379737683 0.14444444444444426
2 0.5968753630379009 0.42083333333333284 0.079687832784742 0.1416666666666665
2 0.25312360835471226 0.3513888888888889 0.0703125 0.11944444444444445
1 0.3343737671837942 0.725 0.0671875151265792 0.17222222222222222
1 0.2820295406965486 0.48888888888888876 0.06875 0.14444444444444443
1 0.3671853671523302 0.5208333333333335 0.06406249999999997 0.13611111111111124
1 0.8453118419938042 0.9291666666666673 0.07343754537973808 0.1361111111111117
0 0.4242179180381431 0.22638888888888908 0.05000012101263377 0.14722222222222223
0 0.12265354990561038 0.6708333333333327 0.06250022689868814 0.18611111111111162
