2 0.32578126512657946 0.28611111111111126 0.075 0.1388888888888894
2 0.40468771177210805 0.7249999999999985 0.07656265126579233 0.14999999999999958
2 0.49843768908224 0.413888888888889 0.07031269664552994 0.1555555555555554
2 0.6031257638922494 0.6805555555555556 0.07656275715184703 0.2055555555555556
2 0.6515633924681739 0.35277777777777736 0.07343777227842505 0.15555555555555536
2 0.23749845708891995 0.31388888888888905 0.07031249999999999 0.12777777777777777
1 0.3484364033230067 0.7930555555555547 0.07343757563289582 0.13055555555555498
1 0.3132798432281328 0.24444444444444446 0.06875 0.14444444444444443
1 0.6640632412023806 0.48888888888888865 0.06406249999999994 0.16111111111111157
1 0.9367189768986891 0.8791666666666663 0.08437515126579141 0.19722222222222066
0 0.4992186441139458 0.16805555555555574 0.05000012101263377 0.14722222222222223
0 0.05077785408296654 0.6944444444444443 0.0625002268986881 0.14444444444444493
1 0.7222631820574561 0.2638888888888887 0.052343765126579275 0.14444444444444438
