2 0.2164052062660343 0.45277777777777795 0.075 0.1388888888888894
2 0.28359278946221983 0.5402777777777767 0.07500013613921294 0.16944444444444373
2 0.34374869155089777 0.47222222222222227 0.0578125756328963 0.15555555555555547
2 0.4585931146836723 0.6722222222222222 0.09687545379737683 0.14444444444444426
2 0.5906253025315842 0.405555555555555 0.07968783278474202 0.1555555555555553
2 0.2171857604433903 0.3375 0.0703125 0.11944444444444445
1 0.3046859797787889 0.7236111111111109 0.0671875151265792 0.1527777777777777
1 0.22577899613969676 0.40833333333333327 0.06875 0.14444444444444443
1 0.34374764025364113 0.48333333333333306 0.06406249999999993 0.16111111111111157
1 0.807811478955903 0.9152777777777774 0.08906269664552995 0.1638888888888885
0 0.39453013063313797 0.21250000000000013 0.05000012101263377 0.14722222222222223
0 0.06327797509560025 0.6708333333333327 0.06250022689868814 0.18611111111111162
