2 0.32578126512657946 0.3222222222222224 0.075 0.1388888888888894
2 0.5640642546831881 0.7499999999999984 0.08281271177210917 0.19444444444444428
2 0.6734393832591116 0.4972222222222223 0.07031269664552994 0.17222222222222208
2 0.685939065600948 0.7 0.07656275715184704 0.2055555555555556
2 0.5687500907594755 0.3861111111111106 0.07343777227842505 0.15555555555555536
2 0.281248880633138 0.37500000000000033 0.07031249999999999 0.12777777777777777
1 0.359374009209061 0.8041666666666665 0.07343757563289582 0.1805555555555537
1 0.38359302392419736 0.25 0.06875 0.14444444444444443
1 0.7265638462655493 0.5166666666666664 0.06406249999999994 0.16111111111111157
0 0.5195313407594757 0.19305555555555576 0.05000012101263377 0.14722222222222223
0 0.09609079275376374 0.7166666666666666 0.0625002268986881 0.14444444444444493
1 0.6894503643992925 0.3027777777777776 0.052343765126579275 0.14444444444444438
