1 0.11796577762718409 0.3791666666666665 0.04687489411394548 0.12500000000000036
1 0.21484228272181558 0.5097222222222224 0.05624999999999993 0.13055555555555476
2 0.673438740379495 0.4847222222222228 0.06718765126579165 0.15833333333333385
2 0.05780824186795038 0.5666666666666658 0.07031266639237138 0.13888888888888892
2 0.17656023101311674 0.3888888888888891 0.04843716721525723 0.12777777777777707
0 0.2710913146207467 0.31111111111111095 0.050000181518950935 0.1388888888888887
1 0.520312257974733 0.7944444444444437 0.07031265126579103 0.17777777777777748
2 0.8652333010128757 0.8624999999999993 0.13203206683527824 0.18055555555555486
1 0.8578114184495859 0.5249999999999989 0.08593784791132211 0.13888888888888865
2 0.9101558415823611 0.4916666666666667 0.046875 0.12222222222222222
