1 0.4093752722784258 0.38055555555555537 0.06718765126579214 0.15000000000000002
1 0.830470360980687 0.431944444444444 0.0812503781644796 0.14722222222222234
1 0.2515608209497072 0.4777777777777776 0.05781249999999999 0.15000000000000033
1 0.4929689617721093 0.45833333333333315 0.056250090759475534 0.1500000000000002
1 0.3335934323418355 0.5722222222222227 0.056249999999999946 0.18333333333333302
2 0.6000005294302725 0.6083333333333328 0.07031268151895034 0.1777777777777777
2 0.4632809172152566 0.5666666666666669 0.07187518151895048 0.16666666666666735
2 0.28203000205721396 0.5750000000000002 0.056249742848153185 0.17222222222222122
0 0.5414064315189505 0.23333333333333325 0.050000181518950935 0.1388888888888887
0 0.4984386420567307 0.8263888888888873 0.06093766639237142 0.1749999999999998
1 0.5031245915823613 0.6305555555555548 0.06093756050631639 0.18333333333333307
