1 0.4054689844619781 0.3472222222222219 0.059375075632896054 0.116666666666667
1 0.7234380748100102 0.365277777777778 0.048437560506316764 0.13055555555555556
1 0.3874996369620989 0.4666666666666666 0.0578125 0.13333333333333333
1 0.47734381050631713 0.41666666666666663 0.04687500000000003 0.12777777777777802
1 0.3695312802531579 0.5597222222222226 0.05624999999999998 0.14166666666666602
2 0.5765628025315843 0.6222222222222217 0.07031268151895034 0.1777777777777777
2 0.47734355335446954 0.5972222222222223 0.07187518151895048 0.16666666666666735
2 0.3140615621520879 0.6055555555555557 0.05156219746841545 0.17222222222222128
0 0.5523440374050052 0.23333333333333325 0.050000181518950935 0.1388888888888887
0 0.45781324876567114 0.8013888888888873 0.06093766639237142 0.1749999999999998
1 0.5171872277215743 0.6194444444444437 0.06093756050631639 0.18333333333333307
