1 0.3687493229071323 0.39027777777777556 0.07656276987629447 0.1583333333333331
2 0.2796867447851812 0.4486111111111105 0.08593738299091908 0.1638888888888877
2 0.2273458828042048 0.595833333333333 0.07812523948037756 0.1527777777777769
1 0.16445393337197992 0.5194444444444429 0.06015608455109711 0.16111111111111132
0 0.7027384111711727 0.19444444444444492 0.05859386083307641 0.15000000000000033
1 0.46875268770208556 0.32777777777777783 0.06562522166615169 0.14999999999999974
1 0.6210916256993816 0.4833333333333328 0.07031268472179339 0.16666666666666774
1 0.491403419138525 0.7111111111111095 0.10468776784659947 0.16666666666666585
2 0.831249145661708 0.4986111111111115 0.08125019395788138 0.17500000000000016
2 0.6124995104872483 0.7902777777777772 0.11562525861050928 0.16944444444444373
1 0.8859370428135622 0.5138888888888864 0.07187499076390966 0.2055555555555544
