1 0.12734086838665937 0.3763888888888887 0.04687489411394548 0.12500000000000036
1 0.2257798886078701 0.515277777777778 0.05624999999999993 0.13055555555555476
2 0.6828138311389705 0.49305555555555614 0.06718765126579165 0.15833333333333385
2 0.07265213557045294 0.5472222222222213 0.0499999697468416 0.13333333333333364
2 0.18437280664601277 0.3888888888888891 0.04843716721525723 0.12777777777777707
0 0.28515395075995964 0.31111111111111095 0.050000181518950935 0.1388888888888887
1 0.5249998033544707 0.7944444444444437 0.07031265126579103 0.17777777777777748
2 0.8761709068989298 0.8611111111111107 0.13203206683527824 0.16111111111111076
1 0.8593739335761649 0.53611111111111 0.08593784791132211 0.13888888888888865
2 0.9257809928481532 0.4916666666666667 0.046875 0.12222222222222222
