1 0.41562533278474284 0.3555555555555553 0.06718765126579217 0.1333333333333335
1 0.7625009529744905 0.38472222222222235 0.048437560506316764 0.13055555555555556
1 0.3640619100634106 0.4749999999999999 0.0578125 0.13333333333333333
1 0.49140644664553007 0.4527777777777775 0.056250090759475534 0.1500000000000002
1 0.35078109873420715 0.581944444444445 0.05624999999999995 0.16944444444444395
2 0.5921879537973765 0.6222222222222217 0.07031268151895034 0.1777777777777777
2 0.4648434323418359 0.5777777777777778 0.07187518151895048 0.16666666666666735
2 0.29140509281668936 0.5805555555555557 0.056249742848153185 0.17222222222222122
0 0.5476564920252673 0.23333333333333325 0.050000181518950935 0.1388888888888887
0 0.48437600591751784 0.818055555555554 0.06093766639237142 0.1749999999999998
1 0.5093746520886782 0.6249999999999991 0.06093756050631639 0.18333333333333307
