1 0.38125 0.33333333333333326 0.0515625 0.1
1 0.6640625 0.34861111111111115 0.0421875 0.13055555555555556
1 0.425 0.4611111111111111 0.0578125 0.13333333333333333
1 0.4710937500000003 0.39444444444444443 0.04687500000000003 0.12777777777777802
1 0.3679687651265792 0.525 0.05625 0.1111111111111111
2 0.5437499848734207 0.6347222222222221 0.05156249999999999 0.15833333333333316
2 0.49765625 0.5291666666666667 0.053125 0.14722222222222223
2 0.4109375 0.5694444444444444 0.0828125 0.12222222222222222
2 0.88046875 0.9138888888888889 0.075 0.17222222222222222
0 0.5179687046202625 0.175 0.03125 0.1388888888888889
0 0.38046875 0.6111111111111112 0.04375 0.17777777777777778
1 0.501562076455782 0.525 0.0546875 0.1388888888888889
