1 0.4093752722784258 0.38055555555555537 0.06718765126579214 0.15000000000000002
1 0.830470360980687 0.431944444444444 0.0812503781644796 0.14722222222222234
1 0.2515608209497072 0.4777777777777776 0.05781249999999999 0.15000000000000033
1 0.4929689617721093 0.45833333333333315 0.056250090759475534 0.1500000000000002
1 0.3335934323418355 0.5722222222222227 0.056249999999999946 0.18333333333333302
2 0.6000005294302725 0.6083333333333328 0.07031268151895034 0.1777777777777777
2 0.4632809172152566 0.5666666666666669 0.07187518151895048 0.16666666666666735
2 0.2671861083547114 0.5694444444444442 0.0640623184810494 0.17222222222222114
0 0.5351563710126337 0.236111111111111 0.050000181518950935 0.1388888888888887
0 0.5867207467084563 0.9097222222222224 0.06562521177210898 0.1749999999999997
1 0.4976557886393342 0.6361111111111102 0.07187516639237061 0.18333333333333302
