1 0.3429679205116534 0.36805555555555336 0.06562520522366695 0.1583333333333331
2 0.27578047169495723 0.4041666666666661 0.07812483681047082 0.16388888888888775
2 0.24140846592901166 0.5666666666666661 0.0781252394803776 0.17777777777777706
1 0.1707039703163385 0.4833333333333315 0.06015608455109709 0.17777777777777756
0 0.6918008465185455 0.18888888888888936 0.05859386083307641 0.15000000000000033
1 0.467190178465996 0.313888888888889 0.06562522166615169 0.14999999999999974
1 0.5820288947971407 0.45555555555555516 0.07031268472179339 0.16666666666666774
1 0.46952828983326966 0.6749999999999985 0.10468776784659943 0.18888888888888847
2 0.7874988870511983 0.46805555555555595 0.08125019395788138 0.17500000000000016
2 0.6124995104872483 0.7499999999999993 0.11562525861050926 0.1888888888888881
1 0.8703119504526647 0.4597222222222198 0.07187499076390957 0.26388888888888784
