1 0.3593747882278908 0.4194444444444443 0.06718765126579214 0.15000000000000002
1 0.939846419841232 0.6166666666666663 0.08750043867079672 0.1555555555555555
1 0.2593733965826033 0.37916666666666665 0.06718759075947528 0.16388888888888953
1 0.3906242209811704 0.4666666666666663 0.06718769664552963 0.15000000000000008
1 0.33359343234183564 0.5388888888888894 0.056249999999999946 0.18333333333333302
2 0.7648458752843791 0.5638888888888889 0.09687543867079688 0.17777777777777787
2 0.5093751134493436 0.45555555555555527 0.08906284791132199 0.16666666666666713
2 0.27031113860786976 0.4444444444444442 0.0640623184810494 0.17222222222222114
0 0.54296894664553 0.25833333333333314 0.050000181518950935 0.1388888888888887
1 0.5804690903480331 0.6583333333333325 0.0781252268986871 0.18333333333333302
