1 0.38046814217780506 0.4319444444444433 0.06875022369584576 0.11944444444444423
1 0.5007821621135 0.4472222222222227 0.05624999999999993 0.12222222222222122
2 0.535156016195974 0.4763888888888893 0.04999998487342015 0.13611111111111165
2 0.5304694771775701 0.4583333333333334 0.04687465208867827 0.12222222222222183
1 0.8382838506140214 0.7180555555555531 0.06562522369584514 0.13055555555555423
1 0.6351528361973601 0.45833333333333187 0.05625006050631748 0.11111111111111088
2 0.7023410528943158 0.4527777777777777 0.046875 0.12222222222222222
2 0.3492216032191997 0.5847222222222237 0.09062531336909513 0.1250000000000007
1 0.14882884101108396 0.6569444444444428 0.09765630621724833 0.12499999999999936
0 0.13320379461649906 0.39583333333333337 0.03984375 0.13333333333333333
