1 0.44843729394770376 0.44027777777777566 0.07656276987629447 0.1583333333333331
2 0.35468718811748423 0.6319444444444443 0.060937235213484764 0.16388888888888786
2 0.113282708569661 0.7041666666666663 0.05937512864730197 0.10277777777777689
1 0.09179725389381169 0.6499999999999987 0.05859357531500722 0.1333333333333329
0 0.6433630601997666 0.302777777777778 0.049218805416538045 0.13333333333333341
1 0.396877262841962 0.4194444444444445 0.06562522166615169 0.14999999999999974
1 0.6828107405249223 0.5291666666666659 0.06875017548570364 0.14166666666666758
1 0.5187473307700938 0.8624999999999992 0.08437514777743417 0.14166666666666605
2 0.8984370428135625 0.5958333333333335 0.08125019395788138 0.17500000000000016
2 0.6351558944105481 0.9124999999999999 0.09218762006916462 0.1694444444444438
1 0.9070309175007724 0.6444444444444426 0.11093772166614996 0.15555555555555498
