1 0.41406209075373185 0.41805555555555346 0.07656276987629447 0.1583333333333331
2 0.29218681867389845 0.5124999999999994 0.08593738299091908 0.1638888888888877
2 0.20547075349894978 0.6361111111111108 0.07187520253601898 0.13333333333333247
1 0.15586013257348696 0.5666666666666654 0.05859357531500722 0.1333333333333329
0 0.7074259388794417 0.24444444444444485 0.05859386083307641 0.15000000000000033
1 0.47656523388253375 0.33055555555555566 0.06562522166615169 0.14999999999999974
1 0.6773419581986089 0.5083333333333329 0.07031268472179339 0.16666666666666774
1 0.4992159653189734 0.7763888888888871 0.10468776784659953 0.14166666666666602
2 0.8874994781609351 0.568055555555556 0.08125019395788138 0.17500000000000016
2 0.618749547431607 0.8486111111111104 0.11562525861050928 0.16944444444444373
1 0.9218747552436242 0.5861111111111091 0.05624989840301278 0.15555555555555495
