1 0.4632811316905559 0.4245370370370359 0.06875022369584576 0.11944444444444423
1 0.613282827111954 0.4527777777777783 0.05624999999999993 0.12222222222222122
2 0.6127606415884264 0.46805555555555595 0.04999998487342015 0.13611111111111165
2 0.6065115933339326 0.48611111111111116 0.04687465208867827 0.12222222222222183
1 0.8992217108215175 0.6921296296296273 0.06562522369584514 0.13055555555555423
1 0.7200491713582303 0.468518518518517 0.05625006050631748 0.11111111111111088
2 0.7929665885875147 0.4546296296296286 0.05625005541653766 0.12222222222222216
2 0.404951099306397 0.5578703703703719 0.09062531336909513 0.1250000000000007
1 0.20507917351031107 0.6236111111111093 0.09765630621724833 0.12499999999999936
0 0.17252694372475502 0.39537037037037037 0.03984375 0.13333333333333333
