1 0.5632817228002931 0.42361111111111 0.06875022369584576 0.11944444444444426
1 0.7679712414848285 0.4583333333333337 0.05624999999999993 0.12222222222222122
2 0.7843762393522712 0.44027777777777805 0.04531245716515141 0.13611111111111165
2 0.6945329469669821 0.49722222222222234 0.04687465208867827 0.12222222222222183
1 0.9781249620407944 0.6958333333333308 0.04062507591841094 0.13055555555555423
1 0.8398415461251031 0.46666666666666523 0.05625006050631748 0.11111111111111088
2 0.9414049660160306 0.4638888888888879 0.05625005541653766 0.12222222222222216
2 0.4960974714116255 0.5277777777777787 0.07500022100819874 0.155555555555556
1 0.313673565418541 0.6013888888888874 0.08046870462026243 0.12499999999999932
0 0.3011735374961355 0.375 0.03984375 0.13333333333333333
1 0.07421910558945122 0.5486111111111112 0.05156263854134453 0.16388888888888892
