1 0.44843729394770376 0.44027777777777566 0.07656276987629447 0.1583333333333331
2 0.35468718811748423 0.6319444444444443 0.060937235213484764 0.16388888888888786
2 0.113282708569661 0.7041666666666663 0.05937512864730197 0.10277777777777689
1 0.09179725389381169 0.6499999999999987 0.05859357531500722 0.1333333333333329
0 0.6433630601997666 0.302777777777778 0.049218805416538045 0.13333333333333341
1 0.396877262841962 0.4194444444444445 0.06562522166615169 0.14999999999999974
1 0.718748452954984 0.5263888888888881 0.06875017548570364 0.14166666666666758
1 0.574216408651276 0.9375 0.10781278631877883 0.11944444444444464
2 0.9601561576391034 0.5847222222222223 0.0484375 0.175
2 0.6953125 0.9444444444444444 0.071875 0.1111111111111111
1 0.9632812499999999 0.6597222222222221 0.07343749999999998 0.13611111111111127
