1 0.09296553560191667 0.384722222222222 0.04687489411394548 0.12500000000000036
1 0.1882795255699689 0.515277777777778 0.05624999999999993 0.13055555555555476
2 0.6500010134808067 0.4680555555555561 0.06718765126579165 0.15833333333333385
2 0.029687515126579203 0.5819444444444427 0.0562500302531585 0.1472222222222222
2 0.15781004949416613 0.3944444444444446 0.04843716721525723 0.12777777777777707
0 0.20702819443099896 0.3277777777777775 0.050000181518950935 0.1388888888888887
1 0.490624470569728 0.8027777777777771 0.07031265126579103 0.17777777777777748
2 0.8417955741141876 0.8763888888888881 0.13203206683527824 0.18055555555555486
1 0.7960920709497067 0.5138888888888875 0.056250060506317444 0.1388888888888886
2 0.8054673281015539 0.47777777777777786 0.046875 0.12222222222222222
