1 0.15546656420930327 0.46944444444444366 0.049999984873420694 0.14999999999999994
1 0.2273418364877292 0.35138888888888886 0.04687489411394548 0.12500000000000036
1 0.05858975658308761 0.5722222222222195 0.06875021177210931 0.14999999999999966
1 0.311718220569727 0.49583333333333357 0.05624999999999993 0.13055555555555476
2 0.7718771933539859 0.5041666666666673 0.06718765126579165 0.15833333333333385
2 0.2132784969625823 0.47777777777777714 0.0499999697468416 0.13333333333333364
2 0.2624985629749736 0.3750000000000003 0.04843716721525723 0.12777777777777707
0 0.42421779702550955 0.2888888888888887 0.050000181518950935 0.1388888888888887
1 0.5789065752214537 0.7791666666666657 0.07031265126579103 0.17777777777777748
2 0.976171875 0.8263888888888888 0.04765625 0.1638888888888889
1 0.96953125 0.55 0.05 0.1388888888888889
