1 0.5164064457176039 0.4263888888888878 0.06875022369584576 0.11944444444444423
1 0.6851582519720775 0.444444444444445 0.05624999999999993 0.12222222222222122
2 0.6914069398049382 0.44583333333333364 0.04999998487342015 0.13611111111111165
2 0.6585952345369204 0.49722222222222234 0.04687465208867827 0.12222222222222183
1 0.9460969879042068 0.7041666666666642 0.06562522369584514 0.13055555555555423
1 0.7789036859176071 0.46388888888888746 0.05625006050631748 0.11111111111111088
2 0.866404522683728 0.45833333333333237 0.05625005541653766 0.12222222222222216
2 0.4476596850928471 0.5486111111111126 0.09062531336909513 0.1250000000000007
1 0.26132950600953814 0.6124999999999985 0.09765630621724833 0.12499999999999936
0 0.2386731680525498 0.38611111111111107 0.03984375 0.13333333333333333
1 0.0140625 0.5625 0.028125 0.1638888888888889
