1 0.3703123941139453 0.4138888888888887 0.06718765126579214 0.15000000000000002
1 0.9148461778159646 0.5749999999999997 0.08750043867079672 0.1555555555555555
1 0.2515608209497072 0.3902777777777777 0.06718759075947528 0.16388888888888953
1 0.4093744025001211 0.4638888888888884 0.06718769664552963 0.15000000000000008
1 0.3273433718355187 0.5388888888888894 0.056249999999999946 0.18333333333333302
2 0.7429706635122701 0.5583333333333332 0.09687543867079688 0.17777777777777787
2 0.5062500831961851 0.4694444444444442 0.08906284791132199 0.16666666666666713
2 0.27968622936734505 0.4777777777777774 0.0640623184810494 0.17222222222222114
0 0.5398439163923715 0.24722222222222207 0.050000181518950935 0.1388888888888887
0 0.7023468660753183 0.9375000000000001 0.06562521177210898 0.11944444444444428
1 0.5351561516772356 0.6583333333333325 0.0781252268986871 0.18333333333333302
