1 0.36484304981690874 0.4458333333333325 0.08437531605674212 0.13055555555555548
1 0.45703190350298994 0.4527777777777783 0.05624999999999993 0.12222222222222122
2 0.5023433222380915 0.46805555555555595 0.04999998487342015 0.13611111111111165
2 0.48515670933097044 0.45277777777777795 0.04687465208867827 0.12222222222222183
1 0.8117211936004973 0.7263888888888863 0.06562522369584514 0.13055555555555423
1 0.6117151976560156 0.46111111111110964 0.05625006050631748 0.11111111111111088
2 0.6679658497003438 0.461111111111111 0.046875 0.12222222222222222
2 0.33203400162221447 0.6055555555555563 0.0812502579525574 0.13333333333333364
1 0.13320374865018755 0.6763888888888875 0.0851562323285312 0.1361111111111105
0 0.0464845320135239 0.4027777777777778 0.03984375 0.13333333333333333
