1 0.44843729394770376 0.44027777777777566 0.07656276987629447 0.1583333333333331
2 0.35468718811748423 0.6319444444444443 0.060937235213484764 0.16388888888888786
2 0.113282708569661 0.7041666666666663 0.05937512864730197 0.10277777777777689
1 0.09179725389381169 0.6499999999999987 0.05859357531500722 0.1333333333333329
0 0.6433630601997666 0.302777777777778 0.049218805416538045 0.13333333333333341
1 0.396877262841962 0.4194444444444445 0.06562522166615169 0.14999999999999974
1 0.7015608513579978 0.5236111111111104 0.06875017548570364 0.14166666666666758
1 0.5429662239294832 0.9208333333333327 0.10781278631877882 0.13055555555555481
2 0.9414060468060279 0.5986111111111111 0.051562518472178985 0.175
2 0.6703123522225657 0.9333333333333331 0.0750000184721788 0.12777777777777766
1 0.9585937222917313 0.6499999999999991 0.08281255541653758 0.1555555555555553
