1 0.08046583813350094 0.5027777777777771 0.049999984873420694 0.14999999999999994
1 0.1773413524371942 0.3680555555555554 0.04687489411394548 0.12500000000000036
1 0.26796779702550894 0.4986111111111113 0.05624999999999993 0.13055555555555476
2 0.7281267698097678 0.4958333333333339 0.06718765126579165 0.15833333333333385
2 0.13359022550704236 0.5138888888888882 0.0499999697468416 0.13333333333333364
2 0.22031065455733478 0.3861111111111113 0.04843716721525723 0.12777777777777707
0 0.35077958607628645 0.29722222222222205 0.050000181518950935 0.1388888888888887
1 0.5437499848734213 0.777777777777777 0.07031265126579103 0.17777777777777748
2 0.9199213304431477 0.8444444444444439 0.1320320668352782 0.15555555555555498
1 0.9218745386393331 0.5499999999999988 0.08593784791132211 0.13888888888888865
