1 0.3289053373868467 0.33749999999999786 0.06562520522366695 0.1583333333333331
2 0.2999993648543466 0.33749999999999986 0.07031229063002274 0.14722222222222123
2 0.3148464000252249 0.519444444444444 0.07812523948037761 0.17777777777777706
1 0.2066416827464004 0.4277777777777762 0.06328110302327641 0.17777777777777756
0 0.6339880047832289 0.1472222222222227 0.05859386083307641 0.15000000000000033
1 0.467190178465996 0.2972222222222223 0.06562522166615169 0.14999999999999974
1 0.5148409976452862 0.36111111111111077 0.07343770319397255 0.16666666666666774
1 0.5140598030618246 0.5527777777777754 0.08125012930525485 0.1555555555555551
2 0.660935638927937 0.368055555555556 0.08125019395788138 0.17500000000000016
2 0.6757811345488787 0.656944444444444 0.1078127124300607 0.18611111111111028
1 0.8828120243413796 0.3902777777777759 0.07187499076390946 0.1694444444444439
