1 0.4054689844619781 0.3472222222222219 0.059375075632896054 0.116666666666667
1 0.7234380748100102 0.365277777777778 0.048437560506316764 0.13055555555555556
1 0.3874996369620989 0.4666666666666666 0.0578125 0.13333333333333333
1 0.47734381050631713 0.41666666666666663 0.04687500000000003 0.12777777777777802
1 0.3695312802531579 0.5597222222222226 0.05624999999999998 0.14166666666666602
2 0.5398436970569729 0.6430555555555553 0.06250010588605447 0.15833333333333324
2 0.4789060684810487 0.5708333333333329 0.0531249999999999 0.1749999999999999
2 0.38046845503170496 0.5958333333333335 0.06249980335446986 0.17499999999999902
2 0.92109414329106 0.9291666666666668 0.07500000000000001 0.1361111111111117
0 0.5421876890822402 0.19166666666666676 0.03906257563289628 0.13888888888888884
0 0.38125000756328953 0.6861111111111114 0.06406269664552991 0.15555555555555606
1 0.5093746520886782 0.5444444444444444 0.0546875 0.1388888888888889
