1 0.12109123142456052 0.49444444444444363 0.049999984873420694 0.14999999999999994
1 0.20234159446246167 0.3652777777777777 0.04687489411394548 0.12500000000000036
1 0.029687545379737817 0.5861111111111083 0.05625009075947559 0.1499999999999996
1 0.28828049367103875 0.49583333333333357 0.05624999999999993 0.13055555555555476
2 0.751564496708456 0.5041666666666673 0.06718765126579165 0.15833333333333385
2 0.1773406490512604 0.49722222222222157 0.0499999697468416 0.13333333333333364
2 0.2421858663294438 0.38055555555555587 0.04843716721525723 0.12777777777777707
0 0.3929674944939252 0.29722222222222205 0.050000181518950935 0.1388888888888887
1 0.5625001663923721 0.7805555555555546 0.07031265126579103 0.17777777777777748
2 0.9371089968355192 0.8305555555555553 0.11328188531632728 0.15555555555555511
1 0.9562498714240759 0.5527777777777767 0.08593784791132211 0.13888888888888865
