1 0.589844379813817 0.4291666666666656 0.06875022369584576 0.11944444444444426
1 0.7757837876652768 0.45833333333333387 0.05624999999999993 0.12222222222222122
2 0.7906262762966297 0.4347222222222225 0.04531245716515141 0.13611111111111165
2 0.7054705116196096 0.49722222222222207 0.06874978139393333 0.12222222222222183
1 0.8523416200138201 0.4722222222222209 0.056250060506317506 0.11666666666666643
2 0.9445299844882099 0.46388888888888746 0.07812518472179288 0.12222222222222212
2 0.5054725268281632 0.5194444444444453 0.07500022100819873 0.155555555555556
1 0.3292986577794374 0.5972222222222205 0.0804687046202624 0.13888888888888787
0 0.31992364832921116 0.375 0.03984375 0.13333333333333333
1 0.08046914253380975 0.5486111111111112 0.05156263854134453 0.16388888888888892
