1 0.4054689844619781 0.3472222222222219 0.059375075632896054 0.116666666666667
1 0.7234380748100102 0.365277777777778 0.048437560506316764 0.13055555555555556
1 0.3874996369620989 0.4666666666666666 0.0578125 0.13333333333333333
1 0.47734381050631713 0.41666666666666663 0.04687500000000003 0.12777777777777802
1 0.3695312802531579 0.5597222222222226 0.05624999999999998 0.14166666666666602
2 0.5562501058860546 0.6416666666666662 0.07031268151895034 0.1777777777777777
2 0.48828115924052407 0.5944444444444446 0.07187518151895048 0.16666666666666735
2 0.3617182735127543 0.6013888888888892 0.06249980335446986 0.17499999999999902
0 0.5539065525315844 0.21944444444444436 0.050000181518950935 0.1388888888888887
0 0.42578168867079713 0.7680555555555552 0.0812503630379013 0.17499999999999982
1 0.5265623184810496 0.602777777777777 0.06093756050631639 0.18333333333333307
