1 0.46015611321837674 0.4319444444444433 0.06875022369584576 0.11944444444444423
1 0.6054702809315059 0.4527777777777783 0.05624999999999993 0.12222222222222122
2 0.6039064225839181 0.4708333333333337 0.04999998487342015 0.13611111111111165
2 0.603907411273783 0.48055555555555557 0.04687465208867827 0.12222222222222183
1 0.8992217108215175 0.7152777777777753 0.06562522369584514 0.13055555555555423
1 0.7164033164740214 0.45833333333333187 0.05625006050631748 0.11111111111111088
2 0.7960916070596941 0.4527777777777768 0.05625005541653766 0.12222222222222216
2 0.4070344449545164 0.5625000000000014 0.09062531336909513 0.1250000000000007
1 0.20976670121858 0.6291666666666649 0.09765630621724833 0.12499999999999936
0 0.16523523395633666 0.39166666666666666 0.03984375 0.13333333333333333
