1 0.2929676249567848 0.3249999999999982 0.05000011286277054 0.14444444444444404
2 0.32265574877764647 0.3208333333333331 0.04999967056085747 0.1472222222222212
2 0.310158872316956 0.48333333333333284 0.07812523948037761 0.17777777777777706
1 0.2207042658712072 0.42499999999999843 0.06328110302327641 0.17777777777777756
0 0.6105503662418842 0.15000000000000047 0.05859386083307641 0.15000000000000033
1 0.45781512304945815 0.3166666666666667 0.06562522166615169 0.14999999999999974
1 0.4874970860137174 0.3527777777777774 0.05312508312480702 0.1666666666666677
1 0.5343724231309899 0.5305555555555532 0.08125012930525485 0.15555555555555511
2 0.6203103987896066 0.368055555555556 0.08125019395788138 0.17500000000000016
2 0.6937499907639093 0.6541666666666661 0.12187529555486747 0.18611111111111026
1 0.8890620612857383 0.37361111111110923 0.07187499076390946 0.1694444444444439
