1 0.33515537433120524 0.35972222222222006 0.06562520522366695 0.1583333333333331
2 0.28437427249345015 0.37638888888888866 0.07031229063002274 0.14722222222222123
2 0.2585960675259978 0.5638888888888884 0.07812523948037761 0.17777777777777706
1 0.1753914980246074 0.46944444444444255 0.06015608455109709 0.17777777777777756
0 0.6824257911020076 0.16666666666666713 0.05859386083307641 0.15000000000000033
1 0.4687526877020856 0.2944444444444445 0.06562522166615169 0.14999999999999974
1 0.5617162747279756 0.433333333333333 0.07343770319397255 0.16666666666666774
1 0.4710907990693594 0.6388888888888873 0.10468776784659943 0.18888888888888847
2 0.7562487023294057 0.44027777777777816 0.08125019395788138 0.17500000000000016
2 0.614062019723338 0.7055555555555547 0.11562525861050926 0.1888888888888881
1 0.8624994042722165 0.4319444444444421 0.07187499076390957 0.26388888888888784
