1 0.02656249243671035 0.5138888888888883 0.049999984873420694 0.14999999999999994
1 0.14296601965245156 0.3708333333333333 0.04687489411394548 0.12500000000000036
1 0.23515497936734542 0.5069444444444446 0.05624999999999993 0.13055555555555476
2 0.6898451492085772 0.494444444444445 0.06718765126579165 0.15833333333333385
2 0.08671477170966588 0.538888888888888 0.0499999697468416 0.13333333333333364
2 0.19687292765864656 0.3861111111111113 0.04843716721525723 0.12777777777777707
0 0.3007791020257517 0.31388888888888866 0.050000181518950935 0.1388888888888887
1 0.5359374092405252 0.7916666666666659 0.07031265126579103 0.17777777777777748
2 0.8855459976584052 0.8527777777777773 0.1320320668352782 0.15833333333333285
1 0.880467887784984 0.534722222222221 0.08593784791132211 0.13888888888888865
2 0.95234375 0.4888888888888889 0.046875 0.12222222222222222
