1 0.4054689844619781 0.3472222222222219 0.059375075632896054 0.116666666666667
1 0.7234380748100102 0.365277777777778 0.048437560506316764 0.13055555555555556
1 0.3874996369620989 0.4666666666666666 0.0578125 0.13333333333333333
1 0.47734381050631713 0.41666666666666663 0.04687500000000003 0.12777777777777802
1 0.3695312802531579 0.5597222222222226 0.05624999999999998 0.14166666666666602
2 0.5398436970569729 0.6430555555555553 0.06250010588605447 0.15833333333333324
2 0.4789060684810487 0.5708333333333329 0.0531249999999999 0.1749999999999999
2 0.38046845503170496 0.5958333333333335 0.06249980335446986 0.17499999999999902
2 0.935156779430273 0.9291666666666663 0.07500000000000001 0.1361111111111117
0 0.5523440374050052 0.19999999999999993 0.050000181518950935 0.1388888888888887
0 0.4085940222784258 0.7277777777777775 0.07187527227842597 0.16111111111111126
1 0.5226560306646015 0.580555555555555 0.06875013613921283 0.1388888888888888
