1 0.3289053373868467 0.33749999999999786 0.06562520522366695 0.1583333333333331
2 0.2999993648543466 0.33749999999999986 0.07031229063002274 0.14722222222222123
2 0.28203370606734246 0.5583333333333329 0.07812523948037761 0.17777777777777706
1 0.18320404420505568 0.45555555555555394 0.06328110302327641 0.17777777777777762
0 0.6761757541576492 0.1611111111111116 0.05859386083307641 0.15000000000000033
1 0.467190178465996 0.2861111111111112 0.06562522166615169 0.14999999999999974
1 0.5445286731309895 0.42499999999999966 0.07343770319397255 0.16666666666666774
1 0.4757783267776282 0.6138888888888867 0.09843773090224113 0.17777777777777753
2 0.7374985914963298 0.40972222222222265 0.08125019395788138 0.17500000000000016
2 0.6328121305564135 0.6902777777777769 0.09687514777743368 0.17499999999999902
1 0.8624994042722158 0.4083333333333311 0.07187499076390953 0.2222222222222211
