1 0.22031051841812274 0.45972222222222103 0.07343765126579208 0.13055555555555542
1 0.313280735696306 0.4986111111111115 0.05624999999999993 0.13055555555555476
2 0.49921830376591225 0.4597222222222226 0.04999998487342015 0.13611111111111165
2 0.34296809199380307 0.4722222222222224 0.05624974284815343 0.1333333333333331
1 0.7226579668667421 0.7958333333333306 0.10625049917711298 0.16944444444444354
1 0.5882775591146711 0.46111111111110964 0.05625006050631748 0.11111111111111088
2 0.649215738867268 0.4527777777777777 0.046875 0.12222222222222222
2 0.32500271005981096 0.6027777777777783 0.07343771177210888 0.13333333333333364
1 0.11289112858102211 0.6874999999999984 0.07265615843981406 0.1361111111111105
0 0.030859439652627475 0.40555555555555556 0.03984375 0.13333333333333333
