1 0.19609413535691955 0.8027768164555821 0.060937500000000144 0.2055552351148235
1 0.6226566682532431 0.6416650644630082 0.06718739661155752 0.12222190178148987
2 0.6867194079264476 0.4666676546922542 0.06718761278739109 0.12777804481172003
2 0.7609379135537695 0.42222152793397116 0.04374996240420417 0.1555560896234409
2 0.5781253054658491 0.46110972253460725 0.062499971803152074 0.13333322651975502
1 0.9246395217658865 0.8338673077403652 0.07259612564930781 0.17329049147702003
0 0.8156263393502724 0.3208340276215837 0.040625028196847976 0.125
1 0.33515714290018095 0.44444441774105004 0.05156249999999982 0.14444417741050233
0 0.04492201598423911 0.3569443910376558 0.04296875 0.15833333333333333
2 0.32968749999999986 0.9458334935536983 0.06406249999999995 0.10833301289260139
