1 0.12812499999999996 0.8402777777777765 0.071875 0.2305555555555554
1 0.49687500000000123 0.779166666666665 0.06874999999999984 0.16944444444444343
1 0.7210937499999948 0.6916666666666665 0.05468750000000085 0.16666666666666663
2 0.27578124999999887 0.3166666666666666 0.05156249999999961 0.15555555555555567
2 0.8335937499999992 0.25138888888888855 0.05781249999999996 0.14166666666666672
2 0.6664062500000005 0.3694444444444438 0.057812500000000176 0.1333333333333335
2 0.63125 0.5694444444444442 0.06874999999999981 0.17222222222222233
2 0.7515624999999997 0.7069444444444427 0.0437499999999998 0.17499999999999802
2 0.3898437499999999 0.7402777777777791 0.0609375000000004 0.15833333333333366
1 0.9621394230769224 0.6019230769230766 0.06322115384615429 0.16495726495726515
