1 0.17265624999999984 0.8499999999999994 0.08281250000000022 0.18888888888888944
1 0.5531250000000011 0.8319444444444427 0.07812499999999965 0.16944444444444337
1 0.8484374999999936 0.8763888888888883 0.07187500000000072 0.1305555555555551
2 0.3898437499999984 0.3499999999999998 0.05468749999999958 0.13888888888888878
2 0.6929687500000005 0.4472222222222221 0.0703125000000002 0.13333333333333355
2 0.5945312499999996 0.6374999999999996 0.0703124999999998 0.1749999999999998
2 0.40234374999999906 0.9361111111111104 0.06093750000000031 0.12222222222222232
1 0.9785456730769231 0.7394230769230762 0.03978365384615487 0.17884615384615368
0 0.17421875 0.24027777777777778 0.0421875 0.13055555555555556
1 0.023437500000000035 0.4277777777777777 0.04687499999999996 0.12222222222222218
