1 0.1773437499999998 0.8194444444444439 0.08281250000000022 0.18888888888888944
1 0.5578125000000012 0.7958333333333316 0.07812499999999965 0.16944444444444337
1 0.8031249999999943 0.7499999999999999 0.07187500000000072 0.17222222222222283
2 0.3382812499999988 0.3083333333333331 0.05468749999999961 0.15555555555555564
2 0.9554687499999993 0.2902777777777774 0.05781249999999996 0.14166666666666672
2 0.6804687500000006 0.4111111111111104 0.057812500000000176 0.1333333333333335
2 0.6218750000000001 0.581944444444444 0.06874999999999981 0.16388888888888883
2 0.8757812499999988 0.7694444444444428 0.07656249999999938 0.13333333333333106
2 0.4148437499999998 0.8569444444444457 0.0609375000000004 0.18055555555555622
1 0.9668269230769226 0.6491452991452988 0.06322115384615429 0.16495726495726515
