1 0.42109548880561526 0.6722187507809657 0.051562443606304485 0.1777769232691614
1 0.7468761654697101 0.5791638628102652 0.04999979322311653 0.14166672007345335
2 0.8460953666192732 0.544446927860109 0.060937575191593506 0.1388893695499855
2 0.9382827303345125 0.44166634622593504 0.05156250939895022 0.13888910251604297
2 0.7203136607702335 0.3972196052895831 0.04999989661155817 0.11666623941235782
1 0.9754210772317364 0.7963665867487179 0.036658409473475456 0.1760683226615848
1 0.5710960621415213 0.43472200859506804 0.051562499999999775 0.12499935911853824
0 0.3355487641888045 0.32499933241514334 0.04296875000000002 0.14999983977963427
2 0.5093760808791662 0.8347202995778333 0.07343755639369479 0.15833397421479528
1 0.8523438909842386 0.9305551550046418 0.07812501879789888 0.12777847206602763
1 0.11250041825324272 0.45277769766759507 0.05156254699474636 0.14166655985308954
