1 0.2507819643201444 0.7513869395411052 0.057812481202101564 0.20277740393025787
1 0.6523443468332792 0.6069421746559289 0.05781234021786173 0.1416667200734534
2 0.7414072368896718 0.4888903041687832 0.05781255639369516 0.1333337071808529
2 0.7976568844290776 0.4138880343802722 0.05156250939895022 0.13888910251604297
2 0.6093754934448345 0.43610924187351086 0.04999989661155786 0.1388888888888879
1 0.9363583422580061 0.8213670674098169 0.07415863504825716 0.1760683226615864
0 0.903126865691432 0.34027884591354784 0.040625028196847976 0.125
1 0.4023450470549996 0.43055526181821846 0.05156249999999982 0.14444417741050233
0 0.12929752352749996 0.3541665598530896 0.04296875 0.15833333333333333
2 0.3773440366679526 0.92083306629939 0.0624999906010503 0.15277831184566293
1 0.82890625 0.9541666666666666 0.075 0.09166666666666666
