1 0.33671998126235464 0.6958303158497795 0.051562443606304485 0.18611041682286025
1 0.6976571194028081 0.5874973563639647 0.05781234021786173 0.1416667200734534
2 0.7914075376560484 0.5305577719372777 0.05781255639369516 0.13333370718085288
2 0.85703224158915 0.4277771903031038 0.05156250939895022 0.13888910251604297
2 0.6671883412059577 0.4013863520664329 0.056249934207355204 0.11944407059692436
1 0.9379208516569537 0.8116446582638328 0.0804086726440549 0.15106784200048887
1 0.478908007603514 0.4291663462259354 0.05156249999999979 0.13611068385680336
0 0.22304808746445648 0.33333282596884234 0.04296875000000002 0.14999983977963427
2 0.44921946901961946 0.8736099361617617 0.08125010338844119 0.1527783118456627
1 0.8226562124042038 0.9458332265197562 0.07500000000000007 0.10277799140493102
