1 0.1710937499999998 0.8361111111111106 0.08281250000000022 0.18888888888888944
1 0.5515625000000012 0.815277777777776 0.07812499999999965 0.16944444444444337
1 0.8031249999999943 0.7749999999999999 0.07187500000000072 0.17222222222222283
2 0.34296874999999877 0.33333333333333315 0.05468749999999961 0.15555555555555564
2 0.9648437499999993 0.320833333333333 0.05781249999999996 0.14166666666666672
2 0.6804687500000006 0.42777777777777715 0.057812500000000176 0.1333333333333335
2 0.609375 0.6069444444444442 0.06874999999999981 0.16388888888888883
2 0.8867187499999983 0.8097222222222207 0.0765624999999994 0.08055555555555369
2 0.4070312499999998 0.8930555555555568 0.0609375000000004 0.18055555555555622
1 0.9590144230769226 0.6769230769230767 0.06322115384615429 0.16495726495726515
0 0.02109375 0.2125 0.0421875 0.13055555555555556
