1 0.4210959117583325 0.5902739591923957 0.051562443606304485 0.16388776734632973
1 0.7031265320287321 0.44860782659361265 0.037499793223116716 0.14166672007345335
2 0.7078143703909032 0.49444719489405115 0.04687507519159283 0.14444492510554127
2 0.6109389333397622 0.3763860049223072 0.04999989661155817 0.12499957274569119
1 0.608596522690036 0.3569439103765591 0.051562499999999775 0.12499935911853824
0 0.5167996006952899 0.22916533149695367 0.04296875000000002 0.1416663462259356
2 0.43281380645394824 0.6749974364741491 0.045312556393694955 0.18333397421479486
1 0.7218753007663724 0.7041658388614436 0.054687443606302184 0.19166832227710764
1 0.28906316262592396 0.4124997329660573 0.05156254699474636 0.14166655985308954
1 0.9117187499999989 0.5805555555555553 0.051562499999999956 0.1833333333333335
2 0.965625 0.37361111111111106 0.043750000000000046 0.1527777777777775
