1 0.21875 0.8305555555555554 0.09375 0.21666666666666667
1 0.540625 0.7125 0.06875 0.1638888888888889
1 0.7765625 0.4777777777777778 0.06875 0.15555555555555556
0 0.9710937500000005 0.34305555555555567 0.057812500000000086 0.16388888888888892
2 0.33906250000000004 0.3638888888888894 0.06250000000000001 0.1777777777777778
2 0.734375 0.22638888888888886 0.075 0.09166666666666666
2 0.70390625 0.29305555555555557 0.0546875 0.13055555555555556
2 0.72734375 0.4055555555555555 0.0671875 0.12777777777777777
2 0.66171875 0.683333333333333 0.05781250000000001 0.15555555555555556
2 0.50546875 0.6652777777777779 0.0640625 0.1638888888888889
1 0.9406249999999993 0.41111111111111126 0.05624999999999997 0.138888888888889
