1 0.44297091175833253 0.5874961814146179 0.051562443606304485 0.16388776734632973
1 0.7343765320287321 0.4541633821491682 0.037499793223116716 0.14166672007345335
2 0.7437518703909032 0.50833608378294 0.04687507519159283 0.14444492510554127
2 0.6390639333397622 0.3541637827000851 0.04999989661155817 0.12499957274569119
1 0.6289090226900359 0.3624994659321147 0.051562499999999775 0.12499935911853824
0 0.52461210069529 0.23194310927473147 0.04296875000000002 0.1416663462259356
2 0.4500013064539481 0.6805529920297047 0.045312556393694955 0.18333397421479486
1 0.7515628007663725 0.7291658388614435 0.054687443606302184 0.19166832227710764
1 0.2781256626259239 0.42083306629939066 0.05156254699474636 0.14166655985308954
1 0.9351562499999989 0.5999999999999998 0.051562499999999956 0.1833333333333335
2 0.9765625 0.37361111111111106 0.043750000000000046 0.1527777777777775
