1 0.5023459117583324 0.60971840363684 0.051562443606304485 0.16388776734632973
1 0.8015640320287318 0.48471893770472413 0.04999979322311653 0.14166672007345335
2 0.849220620390903 0.5166694171162738 0.060937575191593506 0.13333381399442973
2 0.7312514333397622 0.36805267158897387 0.04999989661155817 0.12499957274569119
1 0.678909022690036 0.37638835482100363 0.051562499999999775 0.12499935911853824
0 0.5355496006952899 0.24860977594139816 0.04296875000000002 0.1416663462259356
2 0.48750130645394807 0.7055529920297045 0.045312556393694955 0.18333397421479486
1 0.8015628007663724 0.7624991721947768 0.054687443606302184 0.19166832227710764
1 0.27031316262592386 0.4180552885216129 0.05156254699474636 0.14166655985308954
1 0.960156249999999 0.6138888888888887 0.051562499999999956 0.1833333333333335
