1 0.17187499999999992 0.8194444444444439 0.07187499999999998 0.18888888888888944
1 0.5531250000000011 0.7874999999999984 0.06874999999999984 0.16944444444444343
1 0.7898437499999947 0.725 0.05468750000000085 0.16666666666666663
2 0.3289062499999988 0.3027777777777776 0.05468749999999961 0.15555555555555564
2 0.9210937499999993 0.26805555555555516 0.05781249999999996 0.14166666666666672
2 0.7007812500000006 0.391666666666666 0.057812500000000176 0.1333333333333335
2 0.6546875 0.5694444444444442 0.06874999999999981 0.17222222222222233
2 0.8398437499999991 0.7291666666666654 0.06718749999999976 0.17499999999999802
2 0.4210937499999999 0.7763888888888902 0.0609375000000004 0.15833333333333366
1 0.9668269230769226 0.6185897435897432 0.06322115384615429 0.16495726495726515
