1 0.16406249999999992 0.8874999999999988 0.07499999999999996 0.20277777777777786
1 0.5156250000000002 0.7819444444444436 0.059374999999999956 0.10833333333333264
1 0.7015625 0.6125000000000003 0.06874999999999996 0.15833333333333352
2 0.2726562499999993 0.3541666666666668 0.05156249999999963 0.15277777777777804
2 0.7367187499999993 0.24583333333333302 0.057812499999999975 0.14166666666666672
2 0.7 0.3624999999999995 0.06562499999999999 0.13055555555555554
2 0.70078125 0.5305555555555554 0.0671875 0.12777777777777777
2 0.6851562499999996 0.6874999999999984 0.07343750000000042 0.14166666666666616
2 0.44296875 0.7013888888888894 0.07343749999999993 0.17500000000000007
1 0.974639423076923 0.56025641025641 0.04759615384615414 0.1260683760683761
