3 0.3209558823529411 0.6926470588235296 0.06617647058823531 0.1205882352941177
3 0.7676470588235291 0.7338235294117645 0.06948529411764715 0.16764705882352937
3 0.9255514705882356 0.561764705882353 0.05955882352941159 0.12352941176470564
3 0.39705882352941174 0.5441176470588235 0.056249999999999974 0.1411764705882353
3 0.2721507352941177 0.3073529411764706 0.057904411764705906 0.1323529411764706
2 0.19273897058823505 0.5926470588235295 0.06783088235294109 0.15588235294117678
2 0.4003676470588234 0.6823529411764707 0.06286764705882371 0.15294117647058858
2 0.7924632352941177 0.5602941176470586 0.06617647058823548 0.11470588235294116
2 0.5079044117647058 0.3161764705882352 0.04632352941176471 0.13235294117647056
1 0.4706801470588236 0.16911764705882354 0.03474264705882355 0.12647058823529414
2 0.32591911764705883 0.43529411764705883 0.05294117647058823 0.11764705882352945
0 0.24402573529411767 0.27794117647058825 0.06452205882352935 0.11470588235294116
2 0.24816176470588236 0.24705882352941178 0.0694852941176471 0.11176470588235295
