3 0.29117647058823515 0.710294117647059 0.06617647058823531 0.1205882352941177
3 0.7560661764705878 0.7485294117647056 0.06948529411764715 0.16764705882352937
3 0.9123161764705885 0.5529411764705883 0.05955882352941159 0.12352941176470564
3 0.39705882352941174 0.5441176470588235 0.056249999999999974 0.1411764705882353
3 0.26553308823529415 0.31029411764705883 0.057904411764705906 0.1323529411764706
2 0.18612132352941152 0.5985294117647061 0.06783088235294109 0.15588235294117678
2 0.3937499999999999 0.7088235294117647 0.06286764705882371 0.15294117647058858
2 0.7841911764705882 0.5602941176470586 0.06617647058823548 0.11470588235294116
2 0.49632352941176466 0.32499999999999996 0.04632352941176471 0.13235294117647056
1 0.4541360294117648 0.16029411764705884 0.03474264705882355 0.12647058823529414
2 0.30606617647058826 0.4411764705882353 0.05294117647058823 0.11764705882352945
0 0.22748161764705885 0.275 0.06452205882352935 0.11470588235294116
2 0.225 0.2529411764705883 0.0694852941176471 0.11176470588235295
