3 0.21176470588235274 0.6367647058823528 0.0661764705882353 0.19117647058823584
3 0.7047794117647054 0.6985294117647056 0.06948529411764715 0.16764705882352937
3 0.8709558823529413 0.5205882352941177 0.05955882352941159 0.12352941176470564
3 0.3556985294117645 0.5970588235294119 0.056249999999999974 0.1411764705882353
3 0.11332720588235295 0.2544117647058822 0.057904411764705906 0.1323529411764706
2 0.07031249999999976 0.48970588235294116 0.06783088235294109 0.15588235294117678
2 0.38713235294117626 0.6352941176470589 0.06286764705882371 0.15294117647058858
2 0.7246323529411766 0.5602941176470586 0.06617647058823548 0.11470588235294116
2 0.3954044117647058 0.21911764705882333 0.04632352941176471 0.13235294117647056
1 0.23740808823529413 0.06323529411764713 0.03474264705882355 0.12647058823529414
2 0.2299632352941176 0.3705882352941176 0.05294117647058823 0.11764705882352945
1 0.6220588235294113 0.8455882352941174 0.049632352941176 0.1264705882352941
