3 0.2564338235294116 0.7014705882352942 0.06617647058823531 0.1205882352941177
3 0.7329044117647056 0.7514705882352938 0.06948529411764715 0.16764705882352937
3 0.8891544117647061 0.5647058823529413 0.05955882352941159 0.12352941176470564
3 0.3738970588235292 0.5882352941176471 0.056249999999999974 0.1411764705882353
3 0.15303308823529416 0.2897058823529412 0.057904411764705906 0.1323529411764706
2 0.1050551470588233 0.5014705882352942 0.06783088235294109 0.15588235294117678
2 0.39540441176470575 0.6647058823529411 0.06286764705882371 0.15294117647058858
2 0.7477941176470588 0.5838235294117645 0.06617647058823548 0.11470588235294116
2 0.4169117647058822 0.2544117647058822 0.04632352941176471 0.13235294117647056
1 0.2853860294117647 0.1132352941176471 0.03474264705882355 0.12647058823529414
2 0.25643382352941174 0.42647058823529416 0.05294117647058823 0.11764705882352945
2 0.019025735294117677 0.1705882352941176 0.038051470588235346 0.11176470588235288
1 0.6749999999999996 0.8661764705882353 0.049632352941176 0.1264705882352941
