3 0.2167279411764704 0.6455882352941177 0.0661764705882353 0.19117647058823584
3 0.6766544117647054 0.7102941176470585 0.06948529411764715 0.16764705882352937
3 0.8411764705882355 0.5264705882352942 0.05955882352941159 0.12352941176470564
3 0.36066176470588224 0.6058823529411765 0.056249999999999974 0.1411764705882353
3 0.08023897058823533 0.24264705882352947 0.057904411764705906 0.1323529411764706
2 0.04053308823529388 0.48676470588235304 0.06783088235294109 0.15588235294117678
2 0.37555147058823507 0.6235294117647059 0.06286764705882371 0.15294117647058858
2 0.703125 0.5514705882352939 0.06617647058823548 0.11470588235294116
2 0.37058823529411755 0.22794117647058815 0.04632352941176471 0.13235294117647056
2 0.21341911764705884 0.39117647058823535 0.05294117647058823 0.11764705882352945
