3 0.3126838235294116 0.6573529411764707 0.06617647058823531 0.1205882352941177
3 0.7693014705882351 0.701470588235294 0.06948529411764715 0.16764705882352937
3 0.9586397058823534 0.5088235294117648 0.05955882352941159 0.12352941176470564
3 0.39044117647058824 0.5323529411764707 0.056249999999999974 0.1411764705882353
3 0.3234375 0.275 0.057904411764705906 0.1323529411764706
2 0.26056985294117624 0.6191176470588237 0.06783088235294109 0.15588235294117678
2 0.420220588235294 0.623529411764706 0.06286764705882371 0.15294117647058858
2 0.8123161764705884 0.5044117647058821 0.06617647058823548 0.11470588235294116
2 0.5426470588235293 0.31323529411764706 0.04632352941176471 0.13235294117647056
1 0.5765625000000001 0.13676470588235298 0.03474264705882355 0.12647058823529414
2 0.3441176470588235 0.42647058823529405 0.05294117647058823 0.11764705882352945
0 0.36976102941176464 0.2691176470588235 0.06452205882352935 0.11470588235294116
2 0.39044117647058824 0.27058823529411763 0.0694852941176471 0.11176470588235295
