3 0.3441176470588234 0.660294117647059 0.06617647058823531 0.1205882352941177
3 0.6137867647058823 0.5161764705882351 0.06948529411764719 0.12647058823529414
3 0.9801470588235293 0.3411764705882352 0.03970588235294093 0.12941176470588225
3 0.2613970588235294 0.3911764705882353 0.05625 0.11764705882352944
3 0.2903492647058824 0.23970588235294116 0.057904411764705906 0.1323529411764706
2 0.2870404411764707 0.6411764705882353 0.06783088235294113 0.14117647058823543
2 0.4136029411764705 0.41176470588235303 0.06286764705882371 0.15294117647058858
2 0.7502757352941177 0.33382352941176463 0.0545955882352942 0.1147058823529412
2 0.46819852941176465 0.2161764705882353 0.04632352941176471 0.13235294117647056
1 0.5517463235294118 0.11029411764705883 0.03474264705882355 0.12647058823529414
2 0.28455882352941175 0.30294117647058827 0.05294117647058823 0.11764705882352945
0 0.39788602941176465 0.25735294117647056 0.06452205882352935 0.11470588235294116
2 0.3987132352941177 0.2647058823529412 0.0694852941176471 0.11176470588235295
