3 0.3126838235294116 0.6573529411764707 0.06617647058823531 0.1205882352941177
3 0.7527573529411762 0.6691176470588232 0.06948529411764715 0.16764705882352937
3 0.950367647058824 0.4852941176470588 0.05955882352941159 0.12352941176470564
3 0.3805147058823529 0.5147058823529413 0.056249999999999974 0.1411764705882353
3 0.3317095588235294 0.2838235294117647 0.057904411764705906 0.1323529411764706
2 0.26056985294117624 0.6191176470588237 0.06783088235294109 0.15588235294117678
2 0.41856617647058814 0.5970588235294119 0.06286764705882371 0.15294117647058858
2 0.8172794117647061 0.4897058823529409 0.06617647058823548 0.11470588235294116
2 0.5261029411764704 0.29558823529411765 0.04632352941176471 0.13235294117647056
1 0.5815257352941177 0.13088235294117648 0.03474264705882355 0.12647058823529414
2 0.33915441176470584 0.3999999999999999 0.05294117647058823 0.11764705882352945
0 0.36976102941176464 0.2691176470588235 0.06452205882352935 0.11470588235294116
2 0.39044117647058824 0.27058823529411763 0.0694852941176471 0.11176470588235295
