3 0.3209558823529411 0.6455882352941177 0.06617647058823531 0.1205882352941177
3 0.701470588235294 0.5852941176470589 0.06948529411764716 0.18823529411764675
3 0.9776654411764706 0.4058823529411765 0.03474264705882351 0.12941176470588225
3 0.30606617647058826 0.45294117647058835 0.05625 0.11764705882352944
3 0.3284007352941177 0.25441176470588234 0.057904411764705906 0.1323529411764706
2 0.2870404411764704 0.6397058823529412 0.06783088235294109 0.15588235294117678
2 0.4367647058823528 0.47352941176470603 0.06286764705882371 0.15294117647058858
2 0.7949448529411763 0.3955882352941175 0.0545955882352942 0.1147058823529412
2 0.5079044117647059 0.24852941176470592 0.04632352941176471 0.13235294117647056
1 0.5864889705882352 0.11323529411764706 0.03474264705882355 0.12647058823529414
2 0.31930147058823527 0.3382352941176471 0.05294117647058823 0.11764705882352945
0 0.40284926470588234 0.2661764705882353 0.06452205882352935 0.11470588235294116
2 0.4069852941176471 0.26176470588235295 0.0694852941176471 0.11176470588235295
