3 0.1886029411764704 0.6279411764705882 0.0661764705882353 0.19117647058823584
3 0.6551470588235289 0.6779411764705879 0.06948529411764715 0.16764705882352937
3 0.8295955882352944 0.5264705882352942 0.05955882352941159 0.12352941176470564
3 0.3441176470588234 0.5411764705882353 0.056249999999999974 0.1411764705882353
3 0.04880514705882355 0.23382352941176474 0.057904411764705906 0.1323529411764706
2 0.3920955882352939 0.6441176470588236 0.06286764705882371 0.15294117647058858
2 0.6865808823529411 0.539705882352941 0.06617647058823548 0.11470588235294116
2 0.3341911764705882 0.2102941176470587 0.04632352941176471 0.13235294117647056
1 0.24237132352941176 0.07205882352941181 0.03474264705882355 0.12647058823529414
2 0.18529411764705883 0.3705882352941178 0.05294117647058823 0.11764705882352945
1 0.7659926470588232 0.9367647058823527 0.049632352941176 0.1264705882352941
