3 0.3126838235294116 0.6573529411764707 0.06617647058823531 0.1205882352941177
3 0.7064338235294116 0.6191176470588232 0.06948529411764715 0.16764705882352937
3 0.9429227941176468 0.45294117647058824 0.03474264705882351 0.12941176470588225
3 0.322610294117647 0.4852941176470588 0.056249999999999974 0.1411764705882353
3 0.3184742647058823 0.25735294117647056 0.057904411764705906 0.1323529411764706
2 0.263878676470588 0.6308823529411766 0.06783088235294109 0.15588235294117678
2 0.4119485294117645 0.5500000000000002 0.06286764705882371 0.15294117647058858
2 0.7990808823529413 0.4544117647058822 0.06617647058823548 0.11470588235294116
2 0.4930147058823529 0.27205882352941174 0.04632352941176471 0.13235294117647056
1 0.564981617647059 0.12500000000000003 0.03474264705882355 0.12647058823529414
2 0.30275735294117645 0.3794117647058824 0.05294117647058823 0.11764705882352945
0 0.40284926470588234 0.2661764705882353 0.06452205882352935 0.11470588235294116
2 0.4069852941176471 0.26176470588235295 0.0694852941176471 0.11176470588235295
