3 0.2564338235294116 0.7014705882352942 0.06617647058823531 0.1205882352941177
3 0.711397058823529 0.7426470588235291 0.06948529411764715 0.16764705882352937
3 0.8891544117647061 0.5647058823529413 0.05955882352941159 0.12352941176470564
3 0.3821691176470587 0.5852941176470589 0.056249999999999974 0.1411764705882353
3 0.1563419117647059 0.29852941176470593 0.057904411764705906 0.1323529411764706
2 0.1050551470588233 0.5102941176470589 0.06783088235294109 0.15588235294117678
2 0.3871323529411763 0.6911764705882354 0.06286764705882371 0.15294117647058858
2 0.7477941176470588 0.5838235294117645 0.06617647058823548 0.11470588235294116
2 0.42518382352941175 0.28382352941176464 0.04632352941176471 0.13235294117647056
1 0.28373161764705884 0.13970588235294124 0.03474264705882355 0.12647058823529414
2 0.2580882352941176 0.4323529411764706 0.05294117647058823 0.11764705882352945
2 0.036397058823529456 0.1764705882352942 0.0694852941176471 0.11176470588235295
1 0.699816176470588 0.8808823529411763 0.049632352941176 0.1264705882352941
