3 0.18420761597321839 0.6137905839842711 0.0661764705882353 0.19117647058823584
3 0.6577101267336198 0.6957901588819807 0.06948529411764715 0.16764705882352937
3 0.8190085485413681 0.5236303735586376 0.05955882352941159 0.12352941176470564
3 0.3346455045432806 0.5451777458951059 0.056249999999999974 0.1411764705882353
3 0.03211157938785272 0.2516725118231575 0.057904411764705906 0.1323529411764706
2 0.3709573768531801 0.5891944311599979 0.06286764705882371 0.15294117647058858
2 0.6791890841702535 0.5373199957489769 0.06617647058823548 0.11470588235294116
2 0.33044894787183154 0.20770630745523133 0.04632352941176471 0.13235294117647056
2 0.17476386896221904 0.3707396779850152 0.05294117647058823 0.11764705882352944
1 0.7659926470588232 0.9367647058823527 0.049632352941176 0.1264705882352941
