3 0.3209558823529411 0.6485294117647061 0.06617647058823531 0.1205882352941177
3 0.7577205882352939 0.6749999999999997 0.06948529411764715 0.16764705882352937
3 0.950367647058824 0.5000000000000001 0.05955882352941159 0.12352941176470564
3 0.39705882352941174 0.5176470588235295 0.056249999999999974 0.1411764705882353
3 0.3284007352941177 0.28088235294117647 0.057904411764705906 0.1323529411764706
2 0.26056985294117624 0.6191176470588237 0.06783088235294109 0.15588235294117678
2 0.41856617647058814 0.6088235294117648 0.06286764705882371 0.15294117647058858
2 0.8272058823529413 0.5161764705882351 0.06617647058823548 0.11470588235294116
2 0.5244485294117647 0.3014705882352941 0.04632352941176471 0.13235294117647056
1 0.5798713235294118 0.13676470588235298 0.03474264705882355 0.12647058823529414
2 0.3474264705882355 0.40294117647058814 0.05294117647058825 0.12352941176470607
0 0.36976102941176464 0.2691176470588235 0.06452205882352935 0.11470588235294116
2 0.39044117647058824 0.27058823529411763 0.0694852941176471 0.11176470588235295
