3 0.2037198110951696 0.6224626707051383 0.0661764705882353 0.19117647058823584
3 0.6593361429937823 0.6018425527392526 0.0694852941176471 0.1763191455443968
3 0.8629109875657579 0.5482012859344282 0.05955882352941156 0.18423401881077567
3 0.4078162362505977 0.5972102662203095 0.05624999999999995 0.2047717732079276
2 0.4278679459588712 0.47356660821510166 0.06286764705882371 0.15294117647058858
2 0.7312216044954565 0.6124780806631595 0.06617647058823546 0.16673840267814433
2 0.2963026064084169 0.1730179605717625 0.04632352941176471 0.13235294117647056
2 0.16988582018173135 0.33749667888835755 0.052941176470588276 0.14944471013337596
1 0.21056910569105688 0.7472448057813911 0.05691056910569106 0.13008130081300806
3 0.8439024390243902 0.8397470641373082 0.006504065040650459 0.14742547425474256
