3 0.3341911764705881 0.6485294117647061 0.06617647058823531 0.1205882352941177
3 0.6485294117647058 0.5485294117647057 0.06948529411764719 0.12647058823529414
3 0.9826286764705882 0.338235294117647 0.03474264705882351 0.12941176470588225
3 0.27628676470588237 0.4205882352941176 0.05625 0.11764705882352944
3 0.3168198529411764 0.25441176470588234 0.057904411764705906 0.1323529411764706
2 0.2870404411764704 0.6397058823529412 0.06783088235294109 0.15588235294117678
2 0.4318014705882351 0.44117647058823545 0.06286764705882371 0.15294117647058858
2 0.7701286764705882 0.36029411764705876 0.0545955882352942 0.1147058823529412
2 0.48970588235294116 0.21911764705882353 0.04632352941176471 0.13235294117647056
1 0.5666360294117646 0.11029411764705883 0.03474264705882355 0.12647058823529414
2 0.30772058823529413 0.3205882352941177 0.05294117647058823 0.11764705882352945
0 0.40284926470588234 0.2661764705882353 0.06452205882352935 0.11470588235294116
2 0.4069852941176471 0.26176470588235295 0.0694852941176471 0.11176470588235295
