3 0.2167279411764704 0.6455882352941177 0.0661764705882353 0.19117647058823584
3 0.7097426470588231 0.7073529411764703 0.06948529411764715 0.16764705882352937
3 0.8759191176470591 0.5294117647058825 0.05955882352941159 0.12352941176470564
3 0.36066176470588224 0.6058823529411765 0.056249999999999974 0.1411764705882353
3 0.11829044117647061 0.2632352941176471 0.057904411764705906 0.1323529411764706
2 0.07527573529411741 0.49852941176470594 0.06783088235294109 0.15588235294117678
2 0.3920955882352939 0.6441176470588236 0.06286764705882371 0.15294117647058858
2 0.7295955882352942 0.5691176470588233 0.06617647058823548 0.11470588235294116
2 0.4003676470588235 0.22794117647058815 0.04632352941176471 0.13235294117647056
2 0.2349264705882353 0.3794117647058824 0.05294117647058823 0.11764705882352945
