3 0.2597426470588234 0.7161764705882354 0.06617647058823531 0.1205882352941177
3 0.7329044117647056 0.7514705882352938 0.06948529411764715 0.16764705882352937
3 0.8891544117647061 0.5647058823529413 0.05955882352941159 0.12352941176470564
3 0.36231617647058817 0.6176470588235294 0.056249999999999974 0.1411764705882353
3 0.21590073529411768 0.3426470588235294 0.057904411764705906 0.1323529411764706
2 0.14806985294117625 0.5985294117647061 0.06783088235294109 0.15588235294117678
2 0.3738970588235293 0.7411764705882353 0.06286764705882371 0.15294117647058858
2 0.7477941176470588 0.5838235294117645 0.06617647058823548 0.11470588235294116
2 0.44172794117647046 0.34264705882352936 0.04632352941176471 0.13235294117647056
1 0.37637867647058826 0.17794117647058827 0.03474264705882355 0.12647058823529414
2 0.268014705882353 0.4735294117647059 0.05294117647058823 0.11764705882352945
0 0.15303308823529418 0.2838235294117647 0.06452205882352935 0.11470588235294116
2 0.15551470588235297 0.2529411764705883 0.0694852941176471 0.11176470588235295
