3 0.32426470588235284 0.6544117647058825 0.06617647058823531 0.1205882352941177
3 0.6965073529411764 0.5661764705882352 0.06948529411764719 0.12647058823529414
3 0.9793198529411764 0.4 0.03474264705882351 0.12941176470588225
3 0.3011029411764706 0.4470588235294118 0.05625 0.11764705882352944
3 0.32674632352941174 0.24558823529411763 0.057904411764705906 0.1323529411764706
2 0.2870404411764704 0.6397058823529412 0.06783088235294109 0.15588235294117678
2 0.4367647058823528 0.48823529411764716 0.06286764705882371 0.15294117647058858
2 0.7982536764705883 0.3985294117647058 0.0545955882352942 0.1147058823529412
2 0.5012867647058823 0.2338235294117647 0.04632352941176471 0.13235294117647056
1 0.5550551470588236 0.11029411764705883 0.03474264705882355 0.12647058823529414
2 0.31268382352941176 0.33529411764705885 0.05294117647058823 0.11764705882352945
0 0.40284926470588234 0.2661764705882353 0.06452205882352935 0.11470588235294116
2 0.4069852941176471 0.26176470588235295 0.0694852941176471 0.11176470588235295
