3 0.27959558823529396 0.710294117647059 0.06617647058823531 0.1205882352941177
3 0.7428308823529407 0.7632352941176467 0.06948529411764715 0.16764705882352937
3 0.8974264705882353 0.5676470588235295 0.05955882352941159 0.12352941176470564
3 0.38216911764705874 0.6088235294117647 0.056249999999999974 0.1411764705882353
3 0.23740808823529413 0.33676470588235297 0.057904411764705906 0.1323529411764706
2 0.16461397058823507 0.6014705882352943 0.06783088235294109 0.15588235294117678
2 0.3937499999999999 0.7088235294117647 0.06286764705882371 0.15294117647058858
2 0.7626838235294119 0.5926470588235291 0.06617647058823548 0.11470588235294116
2 0.46819852941176465 0.32499999999999996 0.04632352941176471 0.13235294117647056
1 0.40946691176470595 0.1691176470588236 0.03474264705882355 0.12647058823529414
2 0.28786764705882356 0.4470588235294118 0.05294117647058823 0.11764705882352945
0 0.18446691176470595 0.29264705882352937 0.06452205882352935 0.11470588235294116
2 0.1886029411764706 0.2529411764705883 0.0694852941176471 0.11176470588235295
