3 0.35818014705882334 0.7058823529411762 0.08768382352941168 0.09999999999999948
3 0.5575367647058824 0.4779411764705881 0.06948529411764719 0.12647058823529414
3 0.9471507352941176 0.30588235294117644 0.0711397058823529 0.1294117647058823
3 0.22169117647058822 0.36764705882352944 0.05625 0.11764705882352942
3 0.2622242647058824 0.24852941176470586 0.057904411764705906 0.1323529411764706
2 0.2903492647058823 0.6455882352941177 0.06783088235294116 0.16764705882352948
2 0.36231617647058817 0.3764705882352943 0.06286764705882371 0.15294117647058858
2 0.6840992647058823 0.2985294117647059 0.0545955882352942 0.1147058823529412
2 0.3788602941176471 0.21911764705882353 0.04632352941176471 0.13235294117647056
1 0.5170036764705883 0.11029411764705883 0.03474264705882355 0.12647058823529414
2 0.22334558823529413 0.31176470588235294 0.05294117647058823 0.11764705882352945
0 0.3747242647058823 0.275 0.06452205882352935 0.11470588235294116
2 0.36893382352941173 0.28529411764705886 0.0694852941176471 0.11176470588235293
