1 0.5976562499999999 0.6583333333333347 0.05781249999999982 0.18333333333333324
1 0.32109374999999996 0.6611111111111118 0.0578124999999998 0.2000000000000005
1 0.5054687499999999 0.7777777777777781 0.0578124999999998 0.1666666666666665
2 0.6179687499999997 0.7597222222222209 0.07343750000000022 0.20277777777777714
2 0.9078125000000001 0.9486111111111113 0.0718750000000002 0.09722222222222193
2 0.9749999999999998 0.5763888888888868 0.04687499999999964 0.20277777777777714
1 0.321875 0.4263888888888889 0.0625 0.1527777777777778
0 0.38828125 0.2722222222222222 0.0390625 0.13333333333333333
1 0.140625 0.40138888888888885 0.053125 0.11944444444444445
3 0.1140625 0.40138888888888885 0.084375 0.11388888888888889
