1 0.5492187499999999 0.6472222222222236 0.05781249999999982 0.18333333333333324
1 0.31171874999999993 0.6611111111111118 0.0578124999999998 0.2000000000000005
1 0.4820312499999999 0.7638888888888892 0.0578124999999998 0.1666666666666665
2 0.6023437499999997 0.7597222222222209 0.07343750000000022 0.20277777777777714
2 0.8796875000000002 0.9486111111111114 0.0718750000000002 0.09722222222222193
2 0.9359375 0.5763888888888888 0.084375 0.20277777777777778
1 0.2734375 0.4152777777777777 0.0625 0.1527777777777778
0 0.33359375 0.24444444444444446 0.0390625 0.13333333333333333
1 0.0984375 0.3930555555555555 0.053125 0.11944444444444445
3 0.065625 0.37916666666666665 0.084375 0.11388888888888889
