2 0.6656249999999999 0.7277777777777784 0.08125000000000009 0.20555555555555563
1 0.49140625 0.463888888888889 0.0578125 0.1388888888888889
0 0.44218749999999957 0.7402777777777777 0.04062499999999997 0.14166666666666664
2 0.40234375 0.21666666666666656 0.0765625 0.16666666666666663
2 0.309375 0.5736111111111112 0.065625 0.19166666666666668
1 0.81015625 0.8249999999999998 0.0828125 0.19444444444444448
2 0.15078125 0.6652777777777777 0.0765625 0.14722222222222223
1 0.18125 0.20555555555555557 0.06875 0.17777777777777778
1 0.0421875 0.39583333333333337 0.053125 0.14722222222222223
1 0.03203125 0.5097222222222222 0.0640625 0.125
