1 0.6601562499999987 0.36944444444444435 0.05312499999999995 0.10555555555555643
1 0.6265624999999998 0.9027777777777782 0.06093749999999995 0.18888888888888813
1 0.26484375000000004 0.4597222222222215 0.053124999999999464 0.15277777777777612
1 0.6890624999999987 0.469444444444445 0.04843749999999995 0.13333333333333242
0 0.5874999999999999 0.3069444444444444 0.0453125 0.14722222222222223
2 0.2945312499999998 0.5319444444444443 0.037500000000000075 0.15833333333333344
2 0.3281250000000002 0.4444444444444444 0.0578125 0.16666666666666663
2 0.6312500000000003 0.651388888888888 0.0609375 0.1861111111111122
2 0.68984375 0.488888888888889 0.050000000000000024 0.1277777777777782
2 0.7015625000000004 0.358333333333333 0.04531250000000002 0.1277777777777779
2 0.7250000000000001 0.4736111111111119 0.050000000000000266 0.11944444444444356
