1 0.4914062499999989 0.334722222222222 0.05624999999999995 0.12500000000000128
1 0.6140624999999997 0.8944444444444448 0.06093749999999995 0.18888888888888813
1 0.23515625000000007 0.47361111111111037 0.053124999999999464 0.15277777777777612
1 0.6046874999999987 0.48611111111111177 0.04843749999999995 0.13333333333333242
0 0.5765625 0.28472222222222215 0.0453125 0.14722222222222223
2 0.24765624999999983 0.5319444444444443 0.037500000000000075 0.15833333333333344
2 0.2937500000000001 0.475 0.0578125 0.16666666666666663
2 0.5843750000000003 0.6847222222222213 0.0609375 0.1861111111111122
2 0.6070312499999999 0.5083333333333334 0.050000000000000024 0.1277777777777782
2 0.5968750000000004 0.3999999999999997 0.04531250000000002 0.1277777777777779
2 0.7046875000000001 0.4569444444444452 0.050000000000000266 0.11944444444444356
