1 0.42265624999999885 0.48749999999999966 0.05624999999999995 0.12500000000000128
1 0.2835937499999997 0.6972222222222225 0.05312499999999996 0.1888888888888882
1 0.3640625 0.3333333333333334 0.0421875 0.13333333333333308
1 0.6703125000000001 0.4763888888888889 0.04218749999999974 0.15277777777777624
1 0.893749999999999 0.5083333333333342 0.04843749999999995 0.15555555555555484
0 0.8734375 0.2986111111111111 0.0453125 0.14722222222222223
2 0.6421874999999999 0.4972222222222221 0.06093750000000013 0.12222222222222222
2 0.7046875 0.46666666666666673 0.0578125 0.16666666666666663
2 0.33437500000000014 0.6805555555555552 0.060937499999999985 0.15555555555555603
2 0.93203125 0.47916666666666663 0.05 0.14166666666666666
2 0.5953125000000005 0.3972222222222219 0.04531250000000002 0.1277777777777779
2 0.9640625 0.45 0.04843750000000005 0.1833333333333332
0 0.0265625 0.375 0.0453125 0.1388888888888889
