1 0.6588169642857139 0.6134920634920639 0.056249999999999946 0.16111111111111104
1 0.11127232142857141 0.5265873015873016 0.07499999999999998 0.12777777777777777
1 0.50625 0.34246031746031746 0.0421875 0.1388888888888887
1 0.6665178571428576 0.43015873015872946 0.029687499999999797 0.13650793650793647
1 0.8671130952380939 0.5328042328042335 0.053645833333333434 0.16481481481481403
0 0.7649553571428571 0.3148809523809523 0.0453125 0.14722222222222223
2 0.5511160714285712 0.6164682539682539 0.06093750000000017 0.16388888888888925
2 0.6504464285714289 0.47539682539682543 0.0578125 0.16666666666666663
2 0.21205357142857142 0.4956349206349207 0.0609375 0.1361111111111111
2 0.86328125 0.5125 0.05 0.14166666666666666
2 0.6250000000000004 0.3777777777777775 0.04531250000000002 0.1277777777777779
2 0.884375 0.4166666666666666 0.048437500000000015 0.13888888888888903
