1 0.6601562499999987 0.36944444444444435 0.05312499999999995 0.10555555555555643
1 0.6265624999999998 0.9027777777777782 0.06093749999999995 0.18888888888888813
1 0.27734375000000006 0.4486111111111103 0.053124999999999464 0.15277777777777612
1 0.7578124999999987 0.48611111111111166 0.04843749999999995 0.13333333333333242
0 0.6124999999999998 0.29861111111111105 0.0453125 0.14722222222222223
2 0.3351562499999999 0.5347222222222221 0.037500000000000075 0.15833333333333344
2 0.3335937500000003 0.4444444444444444 0.046875 0.16666666666666674
2 0.6296875000000002 0.6208333333333322 0.0609375 0.1861111111111122
2 0.71328125 0.4972222222222223 0.050000000000000024 0.1277777777777782
2 0.7125000000000005 0.3499999999999998 0.04531250000000002 0.1277777777777779
2 0.6968750000000001 0.46805555555555645 0.050000000000000266 0.11944444444444356
