1 0.25546875 0.6708333333333333 0.05625 0.14166666666666666
1 0.10234375 0.39166666666666666 0.053125 0.12777777777777777
1 0.665625 0.4347222222222223 0.0421875 0.1527777777777778
1 0.71796875 0.2875 0.046875 0.09722222222222224
1 0.7953125 0.5416666666666666 0.0609375 0.14444444444444443
0 0.6421875 0.23194444444444443 0.0453125 0.14722222222222223
2 0.45703125 0.5930555555555556 0.065625 0.1361111111111111
2 0.525 0.5972222222222221 0.0578125 0.16666666666666663
2 0.5624999999999999 0.39583333333333337 0.0609375 0.1361111111111111
2 0.73515625 0.4486111111111111 0.05 0.14166666666666666
2 0.709375 0.37916666666666665 0.0453125 0.10277777777777777
2 0.8328125 0.36111111111111116 0.0484375 0.12222222222222222
