1 0.39921874999999885 0.4902777777777774 0.05624999999999995 0.12500000000000128
1 0.28515624999999967 0.7194444444444447 0.05312499999999996 0.1888888888888882
1 0.33125 0.3333333333333334 0.0421875 0.13333333333333308
1 0.6671875000000002 0.4819444444444445 0.04218749999999974 0.15277777777777624
1 0.8796874999999988 0.4944444444444453 0.04843749999999995 0.15555555555555484
0 0.9125 0.31249999999999994 0.0453125 0.14722222222222223
2 0.5281249999999997 0.4930555555555555 0.06093750000000011 0.13611111111111124
2 0.740625 0.4944444444444446 0.0578125 0.16666666666666663
2 0.5375000000000003 0.7041666666666658 0.0609375 0.1861111111111122
2 0.93203125 0.4680555555555555 0.05 0.14166666666666666
2 0.4890625000000005 0.4027777777777775 0.04531250000000002 0.1277777777777779
2 0.97421875 0.4416666666666666 0.04843750000000005 0.1833333333333332
0 0.05781249999999999 0.37777777777777777 0.0453125 0.1388888888888889
