1 0.46796874999999977 0.8097222222222221 0.05624999999999997 0.18611111111111178
1 0.060156249999999946 0.3222222222222222 0.053125 0.12777777777777777
1 0.578125 0.3652777777777777 0.0421875 0.1527777777777778
1 0.7476562500000007 0.3638888888888889 0.046875000000000056 0.1333333333333333
1 0.8781249999999988 0.6597222222222225 0.06093749999999999 0.17499999999999918
0 0.68125 0.2375 0.0453125 0.14722222222222223
2 0.28515624999999994 0.6902777777777778 0.065625 0.1361111111111111
2 0.4609375 0.5444444444444444 0.0578125 0.16666666666666663
2 0.2796875 0.35694444444444445 0.0609375 0.1361111111111111
2 0.66953125 0.44583333333333336 0.05 0.14166666666666666
2 0.6046875000000006 0.3472222222222221 0.04531250000000002 0.1277777777777779
2 0.78125 0.3444444444444443 0.048437500000000015 0.13888888888888903
