1 0.8492187499999989 0.42083333333333295 0.043749999999999935 0.13611111111111218
1 0.6624999999999998 0.8833333333333337 0.06093749999999995 0.18888888888888813
1 0.3484375000000001 0.3874999999999993 0.02968749999999961 0.13611111111110968
1 0.8406249999999988 0.5083333333333337 0.04843749999999995 0.13333333333333242
0 0.6562499999999997 0.3458333333333334 0.0390624999999999 0.1250000000000001
2 0.3664062499999999 0.5402777777777775 0.037500000000000075 0.15833333333333344
2 0.3500000000000003 0.4583333333333332 0.032812500000000154 0.13333333333333278
2 0.6171875000000003 0.5986111111111103 0.0609375 0.1861111111111122
2 0.7281250000000001 0.4888888888888889 0.0390625000000004 0.12777777777777818
2 0.6953125000000004 0.34166666666666645 0.04531250000000002 0.1277777777777779
2 0.6898437500000003 0.47361111111111176 0.035937500000000275 0.11944444444444349
