1 0.5007812499999988 0.32916666666666644 0.05624999999999995 0.12500000000000128
1 0.6281249999999998 0.8944444444444448 0.06093749999999995 0.18888888888888813
1 0.04921874999999993 0.5611111111111099 0.08124999999999986 0.1333333333333329
1 0.2757812500000001 0.47638888888888814 0.053124999999999464 0.15277777777777612
1 0.6328124999999987 0.47500000000000064 0.04843749999999995 0.13333333333333242
0 0.6249999999999999 0.2791666666666666 0.0453125 0.14722222222222223
2 0.20156249999999973 0.5319444444444446 0.06093750000000011 0.13611111111111124
2 0.33437500000000014 0.47222222222222227 0.0578125 0.16666666666666663
2 0.5078125000000003 0.6958333333333324 0.0609375 0.1861111111111122
2 0.5445312499999999 0.48055555555555574 0.050000000000000024 0.1277777777777782
2 0.4750000000000006 0.3972222222222219 0.04531250000000002 0.1277777777777779
2 0.6625 0.44861111111111185 0.050000000000000266 0.11944444444444356
