1 0.32421874999999994 0.5875 0.05625 0.14166666666666666
1 0.14609375 0.3 0.053125 0.12777777777777777
1 0.6984375 0.3652777777777777 0.0421875 0.1527777777777778
1 0.7882812500000007 0.25833333333333336 0.046875000000000056 0.1333333333333333
1 0.834375 0.5027777777777778 0.0609375 0.14444444444444443
0 0.6890625 0.15694444444444444 0.0453125 0.14722222222222223
2 0.48828125 0.5402777777777777 0.065625 0.1361111111111111
2 0.55625 0.5222222222222221 0.0578125 0.16666666666666663
2 0.5656249999999998 0.3013888888888889 0.0609375 0.1361111111111111
2 0.77734375 0.35694444444444445 0.05 0.14166666666666666
2 0.7625 0.26249999999999996 0.0453125 0.10277777777777777
2 0.890625 0.24999999999999997 0.0484375 0.12222222222222222
