1 0.4898437499999989 0.30694444444444424 0.05624999999999995 0.12500000000000128
1 0.6460937499999997 0.9000000000000002 0.05312499999999996 0.1888888888888882
1 0.15625000000000006 0.48333333333333345 0.0421875 0.13333333333333308
1 0.5984375000000002 0.5375000000000001 0.04218749999999974 0.15277777777777624
1 0.821874999999999 0.48055555555555635 0.04843749999999995 0.15555555555555484
0 0.89375 0.3097222222222222 0.0453125 0.14722222222222223
2 0.3968749999999997 0.44861111111111124 0.06093750000000011 0.13611111111111124
2 0.65 0.5111111111111112 0.0578125 0.16666666666666663
2 0.6140625000000002 0.7208333333333324 0.0609375 0.1861111111111122
2 0.88046875 0.45972222222222214 0.05 0.14166666666666666
2 0.4500000000000005 0.38888888888888856 0.04531250000000002 0.1277777777777779
2 0.9820312500000001 0.4416666666666666 0.03281249999999934 0.1833333333333332
0 0.04375 0.37777777777777777 0.0453125 0.1388888888888889
