1 0.41328125 0.6347222222222222 0.05625 0.14166666666666666
1 0.13828125 0.2555555555555555 0.053125 0.12777777777777777
1 0.665625 0.3208333333333333 0.0421875 0.1527777777777778
1 0.8445312500000007 0.29166666666666663 0.046875000000000056 0.1333333333333333
1 0.8953125 0.575 0.0609375 0.14444444444444443
0 0.715625 0.1513888888888889 0.0453125 0.14722222222222223
2 0.43046875 0.5625 0.065625 0.1361111111111111
2 0.521875 0.511111111111111 0.0578125 0.16666666666666663
2 0.46093749999999994 0.29861111111111116 0.0609375 0.1361111111111111
2 0.72421875 0.37638888888888894 0.05 0.14166666666666666
2 0.725 0.2652777777777777 0.0453125 0.10277777777777777
2 0.8921875 0.2694444444444445 0.0484375 0.12222222222222222
