1 0.4179687499999997 0.7513888888888887 0.05624999999999997 0.18611111111111178
1 0.07890624999999997 0.29166666666666663 0.053125 0.12777777777777777
1 0.609375 0.34027777777777785 0.0421875 0.1527777777777778
1 0.7898437500000007 0.33333333333333337 0.046875000000000056 0.1333333333333333
1 0.8859374999999988 0.6375000000000004 0.06093749999999999 0.17499999999999918
0 0.6921875 0.19305555555555556 0.0453125 0.14722222222222223
2 0.33359375 0.6402777777777777 0.065625 0.1361111111111111
2 0.4671875 0.5194444444444443 0.0578125 0.16666666666666663
2 0.3515625 0.3319444444444445 0.0609375 0.1361111111111111
2 0.66953125 0.3986111111111111 0.05 0.14166666666666666
2 0.6531250000000006 0.32499999999999984 0.04531250000000002 0.1277777777777779
2 0.825 0.29166666666666674 0.0484375 0.12222222222222222
