1 0.4914062499999989 0.334722222222222 0.05624999999999995 0.12500000000000128
1 0.6140624999999997 0.8944444444444448 0.06093749999999995 0.18888888888888813
1 0.02578124999999993 0.5611111111111103 0.04843749999999987 0.1333333333333329
1 0.2523437500000001 0.465277777777777 0.053124999999999464 0.15277777777777612
1 0.6156249999999988 0.4777777777777784 0.04843749999999995 0.13333333333333242
0 0.60625 0.2791666666666666 0.0453125 0.14722222222222223
2 0.1843749999999997 0.5347222222222223 0.06093750000000011 0.13611111111111124
2 0.2828125000000002 0.475 0.0578125 0.16666666666666663
2 0.5687500000000003 0.6874999999999991 0.0609375 0.1861111111111122
2 0.5992187499999999 0.4972222222222223 0.050000000000000024 0.1277777777777782
2 0.5687500000000005 0.4055555555555553 0.04531250000000002 0.1277777777777779
2 0.6890625000000001 0.44305555555555626 0.050000000000000266 0.11944444444444356
