1 0.6460937499999997 0.6291666666666668 0.05624999999999997 0.18611111111111178
1 0.08515624999999996 0.5166666666666667 0.053125 0.12777777777777777
1 0.5015625 0.3513888888888889 0.0421875 0.1527777777777778
1 0.6523437500000007 0.425 0.046875000000000056 0.1333333333333333
1 0.8484374999999988 0.5513888888888895 0.06093749999999999 0.17499999999999918
0 0.740625 0.31527777777777777 0.0453125 0.14722222222222223
2 0.5046874999999997 0.6263888888888888 0.06093750000000017 0.16388888888888925
2 0.6218750000000001 0.4777777777777777 0.0578125 0.16666666666666663
2 0.134375 0.47083333333333344 0.0609375 0.1361111111111111
2 0.79765625 0.5319444444444446 0.05 0.14166666666666666
2 0.5671875000000006 0.3916666666666664 0.04531250000000002 0.1277777777777779
2 0.82109375 0.44484126984126965 0.04843750000000001 0.1027777777777778
