1 0.7039062499999988 0.5513888888888886 0.05624999999999995 0.12500000000000128
1 0.18515625 0.5333333333333333 0.053125 0.12777777777777777
1 0.54375 0.3250000000000001 0.0421875 0.13333333333333308
1 0.7273437500000004 0.41666666666666663 0.04062499999999989 0.09444444444444283
1 0.937499999999999 0.518055555555556 0.06093749999999999 0.17499999999999918
0 0.840625 0.3125 0.0453125 0.14722222222222223
2 0.6609374999999998 0.6152777777777776 0.06093750000000017 0.16388888888888925
2 0.753125 0.475 0.0578125 0.16666666666666663
2 0.259375 0.5180555555555556 0.0609375 0.1361111111111111
2 0.91640625 0.5041666666666665 0.05 0.14166666666666666
2 0.6578125000000005 0.3777777777777775 0.04531250000000002 0.1277777777777779
2 0.9343750000000003 0.4472222222222219 0.04843750000000004 0.1111111111111112
