1 0.30390625 0.6180555555555557 0.05625 0.14166666666666666
1 0.13359375 0.325 0.053125 0.12777777777777777
1 0.69375 0.3680555555555556 0.0421875 0.1527777777777778
1 0.77890625 0.2402777777777777 0.046875 0.09722222222222224
1 0.821875 0.5027777777777778 0.0609375 0.14444444444444443
0 0.6796875 0.15972222222222224 0.0453125 0.14722222222222223
2 0.47578125 0.5486111111111112 0.065625 0.1361111111111111
2 0.5484375 0.5444444444444444 0.0578125 0.16666666666666663
2 0.5734374999999998 0.3402777777777778 0.0609375 0.1361111111111111
2 0.76171875 0.37638888888888894 0.05 0.14166666666666666
2 0.7328125 0.28472222222222215 0.0453125 0.10277777777777777
2 0.8625 0.2972222222222223 0.0484375 0.12222222222222222
