1 0.580468749999999 0.3124999999999998 0.05624999999999995 0.12500000000000128
1 0.7093749999999998 0.9027777777777782 0.06093749999999995 0.18888888888888813
1 0.2039062500000001 0.5249999999999995 0.05 0.13333333333333303
1 0.50546875 0.5124999999999994 0.053124999999999464 0.15277777777777612
1 0.7796874999999989 0.48055555555555635 0.04843749999999995 0.15555555555555484
0 0.8484375 0.29861111111111105 0.0453125 0.14722222222222223
2 0.3656249999999997 0.48750000000000016 0.06093750000000011 0.13611111111111124
2 0.5671875000000001 0.5083333333333334 0.0578125 0.16666666666666663
2 0.6343750000000002 0.7041666666666657 0.0609375 0.1861111111111122
2 0.77734375 0.44027777777777777 0.05 0.14166666666666666
2 0.5250000000000006 0.36388888888888865 0.04531250000000002 0.1277777777777779
2 0.9156250000000005 0.4361111111111117 0.050000000000000246 0.1833333333333332
