1 0.07265632786371393 0.44166666666666665 0.0640625346060951 0.12777777777777777
1 0.11874973180276296 0.7027777777777771 0.05625003460609521 0.1833333333333334
1 0.5125003330836639 0.3833333333333336 0.04062493943933435 0.1111111111111112
1 0.5656252076365706 0.4208333333333332 0.06250006921218978 0.11944444444444427
2 0.35781129743819595 0.41944444444444556 0.05625006921219046 0.13888888888888898
2 0.9000004498792358 0.49861111111111145 0.05937506921219047 0.14166666666666672
2 0.7976569594249489 0.42638888888888865 0.0703125692121902 0.14722222222222225
2 0.6132809731512391 0.5624999999999996 0.07968762112133235 0.15277777777777785
1 0.733594351280902 0.3875000000000004 0.06093757786371299 0.14166666666666677
2 0.5382813321894758 0.3652777777777769 0.035937474045428616 0.10277777777777762
2 0.6109377811745221 0.3708333333333331 0.04687502595457145 0.13611111111111074
0 0.5648443988642812 0.3750000000000003 0.03906249999999993 0.12777777777777757
