1 0.22578217571304243 0.42499999999999866 0.051562465393905396 0.13333333333333303
1 0.15859448105375867 0.41157407407407426 0.05625003460609573 0.1333333333333338
1 0.28203030698390696 0.3430555555555553 0.06718758651523661 0.1527777777777775
1 0.14531038037667585 0.48333333333333345 0.053125017303045655 0.14444444444444293
2 0.4359367300143832 0.38333333333333364 0.07187515572742778 0.1555555555555554
2 0.31718558368748256 0.6486111111111086 0.10000023359114057 0.19722222222222258
2 0.19843318288963924 0.47916666666666385 0.05000005190914238 0.16388888888888778
1 0.6420294496179025 0.40027777777777807 0.0718750346060958 0.1527777777777779
2 0.7632801512564817 0.7995370370370363 0.09635429355568186 0.2138888888888889
2 0.8264055180810894 0.4183333333333332 0.07031243078781024 0.1777777777777777
0 0.2499999351135717 0.16388888888888892 0.050000025954571294 0.1055555555555555
