1 0.2546885857662324 0.3999999999999986 0.11875033740942746 0.1277777777777775
1 0.11718800178837906 0.4333333333333338 0.07500013842438129 0.1611111111111113
1 0.3195305146204773 0.18749999999999967 0.07968765572742677 0.10833333333333303
1 0.2828111417107677 0.4652777777777781 0.06875010381828414 0.10833333333333153
2 0.5093746366360004 0.4305555555555558 0.10937536336399804 0.1555555555555553
2 0.2859354106570073 0.55972222222222 0.11875033740942637 0.18055555555555608
2 0.29608997360987455 0.41944444444444245 0.057812595166761224 0.18888888888888838
0 0.5070314706138559 0.8944444444444452 0.060937422136285946 0.13888888888888914
1 0.8140616521506705 0.34166666666666706 0.07500005190914316 0.1666666666666668
2 0.8507806357418124 0.8652777777777773 0.11718774224266468 0.24166666666666667
2 0.9499999524166196 0.426388888888889 0.08750002595457149 0.1972222222222223
