1 0.09765646628809428 0.42777777777777765 0.0640625346060951 0.12777777777777777
1 0.10468715393904898 0.7055555555555548 0.05625003460609521 0.1833333333333334
1 0.5156253503867118 0.3805555555555557 0.04062493943933436 0.1111111111111112
1 0.564062698985047 0.4069444444444442 0.06250006921218978 0.11944444444444427
2 0.30468600328638806 0.4027777777777789 0.05625006921219046 0.13888888888888898
2 0.8976566869019501 0.49166666666666714 0.06406259516676158 0.15555555555555595
2 0.7562504801595683 0.43333333333333324 0.0875001643789519 0.14444444444444468
2 0.4812489920974797 0.5416666666666663 0.10312525089418871 0.1333333333333341
1 0.5960935899468104 0.35416666666666713 0.05156252595457004 0.1250000000000002
2 0.4789060034315726 0.35694444444444373 0.035937474045428616 0.11388888888888861
2 0.5531249610681429 0.375 0.04687502595457144 0.1111111111111111
0 0.5781257224022331 0.3888888888888891 0.031249956742381114 0.12777777777777757
