1 0.052343715393904915 0.5027777777777778 0.0640625346060951 0.12777777777777777
1 0.14140610724985778 0.6597222222222219 0.05468752595457145 0.14722222222222198
1 0.453125004325761 0.416666666666667 0.0718751124698093 0.11111111111111142
1 0.5281250000000001 0.46250000000000013 0.05 0.09722222222222224
2 0.4585931054614787 0.5541666666666677 0.08593773359114262 0.12499999999999999
2 0.8210937629772856 0.5319444444444447 0.051562525954571656 0.13611111111111118
2 0.6960938970759041 0.5083333333333332 0.06718755190914262 0.14444444444444438
2 0.575780765514669 0.6222222222222218 0.0515624653939051 0.14444444444444443
1 0.5999998615756205 0.5027777777777778 0.06562510381828499 0.11666666666666664
2 0.5070311591590005 0.4000000000000003 0.054687577863713956 0.1055555555555555
2 0.5742188278637136 0.4375 0.04218749999999999 0.11944444444444414
0 0.5523443296520918 0.40694444444444444 0.03906249999999996 0.13611111111111104
