1 0.2632823833496131 0.4416666666666652 0.051562465393905396 0.12777777777777746
1 0.17031329594018702 0.4513888888888893 0.06250006921219099 0.16388888888888908
1 0.31171797136285856 0.2902777777777774 0.06718758651523662 0.13055555555555526
1 0.24218591677114953 0.48750000000000027 0.05312501730304566 0.11388888888888701
2 0.48124948090857245 0.4305555555555559 0.07187515572742778 0.1555555555555554
2 0.3742171494681004 0.63472222222222 0.10156274224266455 0.18055555555555608
2 0.2929649563068271 0.495833333333331 0.05781259516676122 0.113888888888888
0 0.5976569724022335 0.9388888888888886 0.060937422136285904 0.11666666666666695
1 0.7531238147412423 0.39583333333333365 0.0718750346060958 0.1527777777777779
2 0.8648432136055269 0.8472222222222215 0.11406272493961796 0.2222222222222222
2 0.9210935423634298 0.45694444444444443 0.07031243078781026 0.19722222222222222
0 0.26171875 0.14722222222222223 0.0453125 0.08888888888888889
