1 0.38906432979727734 0.3888888888888878 0.06875006056066658 0.13888888888888887
1 0.1414068858869973 0.5763888888888898 0.07968766437895197 0.1527777777777777
1 0.5257816566216157 0.4055555555555553 0.051562500000000996 0.1111111111111111
1 0.5546876470759035 0.4763888888888883 0.046874982696950965 0.1083333333333319
2 0.4703119203479071 0.39722222222222325 0.05625006921219046 0.13888888888888898
2 0.9054700563800887 0.5111111111111107 0.0515624653939055 0.1444444444444447
2 0.4695301772110515 0.5402777777777767 0.1140628114548549 0.13055555555555573
1 0.7085942128565218 0.37083333333333374 0.05156252595457004 0.1250000000000002
2 0.5695315052199511 0.379166666666666 0.03906249134847621 0.11388888888888861
2 0.7304696930160908 0.4194444444444441 0.05781258651523849 0.10555555555555558
0 0.8328146326006071 0.3930555555555562 0.05000006056066715 0.13611111111111104
