1 0.2546885857662324 0.3999999999999986 0.11875033740942746 0.1277777777777775
1 0.13750061425818813 0.4583333333333337 0.07500013842438129 0.1611111111111113
1 0.3179680059689536 0.23194444444444406 0.07968765572742678 0.11388888888888857
1 0.25781100328638706 0.47638888888888936 0.08750020763656918 0.11388888888888707
2 0.4921870414692389 0.4555555555555557 0.10000031145485573 0.1555555555555553
2 0.3265606355966252 0.595833333333331 0.11875033740942637 0.18055555555555608
2 0.2898399390037795 0.4277777777777757 0.057812595166761224 0.18888888888888838
0 0.5351566263412838 0.9277777777777776 0.060937422136285946 0.13888888888888914
1 0.8015615829384801 0.380555555555556 0.07500005190914316 0.1666666666666668
2 0.8421868381584321 0.8749999999999991 0.1343753374094267 0.2222222222222222
2 0.9328123572498582 0.4597222222222224 0.08750002595457149 0.1972222222222223
