1 0.07734385381828526 0.44999999999999984 0.0640625346060951 0.12777777777777777
1 0.1468748875301908 0.693055555555555 0.05625003460609521 0.16944444444444437
1 0.5125003330836643 0.38055555555555576 0.04062493943933435 0.10555555555555574
1 0.5750002595457137 0.42638888888888915 0.050000000000000024 0.11944444444444428
2 0.39765526805205176 0.4652777777777788 0.08593773359114262 0.12499999999999999
2 0.8890628893185694 0.5041666666666671 0.05937506921219047 0.14166666666666672
2 0.7835943815612347 0.4486111111111108 0.0703125692121902 0.14722222222222225
2 0.5828120544465257 0.593055555555555 0.07500009516676104 0.15277777777777785
1 0.7304693339778549 0.4430555555555556 0.08906273359114109 0.14166666666666675
2 0.5335938062349047 0.3819444444444436 0.035937474045428616 0.10277777777777762
2 0.6179690701063792 0.40416666666666673 0.0421875 0.11944444444444414
0 0.5789069767279951 0.377777777777778 0.03906249999999993 0.12777777777777757
