1 0.5914092001696055 0.37777777777777627 0.08281263842438065 0.13888888888888878
1 0.29687649671361216 0.48333333333333484 0.06875010381828582 0.12222222222222295
1 0.6914075736831353 0.4444444444444442 0.051562500000000996 0.1111111111111111
1 0.7046884776221849 0.5236111111111107 0.046874982696950965 0.1083333333333319
2 0.6687505190914256 0.40833333333333427 0.053125051909142906 0.1111111111111108
2 0.558593170347906 0.5291666666666653 0.1203128460609499 0.12499999999999992
1 0.9085953202515649 0.40694444444444483 0.05156252595457004 0.1250000000000002
2 0.7750013928953271 0.4513888888888883 0.0437500173030475 0.1138888888888886
2 0.9234395114792762 0.44305555555555515 0.07500018168199937 0.130555555555556
0 0.08281289364433157 0.5013888888888891 0.06875025089418912 0.15277777777777782
