1 0.5390651603435592 0.37499999999999895 0.06875006056066658 0.13888888888888887
1 0.2539075087967086 0.5097222222222234 0.09687525954571377 0.12222222222222295
1 0.6539073660465646 0.43055555555555536 0.051562500000000996 0.1111111111111111
1 0.6593757267279956 0.4874999999999995 0.046874982696950965 0.1083333333333319
2 0.5984376297728562 0.3888888888888902 0.07187515572742807 0.13888888888888898
2 0.5640619506282392 0.5291666666666657 0.10312525089418897 0.12499999999999994
1 0.8992202683424221 0.4013888888888893 0.05156252595457004 0.1250000000000002
2 0.7640638323346605 0.43472222222222157 0.0437500173030475 0.1138888888888886
2 0.9140644595701335 0.44305555555555515 0.07500018168199937 0.130555555555556
0 0.06171902684876067 0.5097222222222224 0.04218760381828508 0.15277777777777776
