1 0.08203137977285653 0.45277777777777767 0.0640625346060951 0.12777777777777777
1 0.5148440960609499 0.3805555555555555 0.04531246539390539 0.10555555555555571
1 0.5750002595457131 0.42222222222222244 0.05 0.11111111111111086
2 0.39765526805205176 0.48750000000000104 0.08593773359114262 0.12499999999999999
2 0.8859378720155217 0.5152777777777782 0.05937506921219047 0.14166666666666672
2 0.782031872909711 0.4597222222222219 0.0703125692121902 0.14722222222222225
2 0.5796870371434781 0.5972222222222215 0.06875006056066632 0.14444444444444435
1 0.7195317734171881 0.451388888888889 0.08906273359114109 0.14166666666666675
2 0.5343750605606664 0.38194444444444386 0.03124994809085722 0.10277777777777762
2 0.6179690701063792 0.4097222222222222 0.0421875 0.11944444444444414
0 0.5773444680764714 0.3888888888888891 0.03906249999999993 0.12777777777777757
