1 0.5914092001696055 0.37777777777777627 0.08281263842438065 0.13888888888888878
1 0.29687649671361216 0.48333333333333484 0.06875010381828582 0.12222222222222295
1 0.6914075736831353 0.4444444444444442 0.051562500000000996 0.1111111111111111
1 0.7046884776221849 0.5236111111111107 0.046874982696950965 0.1083333333333319
2 0.6687505190914256 0.40833333333333427 0.053125051909142906 0.1111111111111108
2 0.5601556789994298 0.5152777777777764 0.1203128460609499 0.12499999999999992
1 0.9460955278881353 0.4208333333333337 0.05156252595457004 0.1250000000000002
2 0.8000015313197073 0.46388888888888813 0.05625008651523759 0.12777777777777757
2 0.9523459215324656 0.45416666666666594 0.0859377422426654 0.13055555555555598
0 0.10937554072023568 0.46527777777777785 0.06875025089418912 0.15277777777777785
