1 0.47031477967651336 0.3638888888888879 0.06875006056066658 0.13888888888888887
1 0.19375092571304342 0.5361111111111123 0.0875002076365711 0.12222222222222295
1 0.5898445113340901 0.41666666666666635 0.051562500000000996 0.1111111111111111
1 0.5984378893185688 0.48194444444444395 0.046874982696950965 0.1083333333333319
2 0.5328122664088578 0.391666666666668 0.07187515572742807 0.13888888888888898
2 0.9507811461817153 0.5277777777777771 0.09531270763656968 0.14444444444444468
2 0.5148429281052408 0.5319444444444436 0.1140628114548549 0.13055555555555573
1 0.7789071021750915 0.368055555555556 0.05156252595457004 0.1250000000000002
2 0.6351568685839495 0.39583333333333265 0.03906249134847621 0.11388888888888861
2 0.7945325477285656 0.42638888888888865 0.057812586515238504 0.1083333333333334
