1 0.22578217571304243 0.42499999999999866 0.051562465393905396 0.13333333333333303
1 0.15976636254240145 0.41342592592592614 0.05937505190914336 0.14861111111111142
1 0.275780272377812 0.3402777777777775 0.06718758651523661 0.1527777777777775
1 0.117185224649248 0.48333333333333345 0.053125017303045655 0.14444444444444293
2 0.4281241867567644 0.37222222222222257 0.07187515572742778 0.1555555555555554
2 0.28281039335395963 0.6513888888888864 0.10000023359114057 0.19722222222222258
2 0.17343304446525895 0.4736111111111083 0.05000005190914238 0.16388888888888778
1 0.6124199106715271 0.4022222222222226 0.0718750346060958 0.1527777777777779
2 0.7396472079021847 0.8019675925925924 0.06940101931689704 0.22013888888888872
2 0.7958584739437994 0.40909722222222217 0.07031243078781026 0.19236111111111107
0 0.24296864618171463 0.16527777777777786 0.051562534606095146 0.11944444444444428
