1 0.09765646628809428 0.42777777777777765 0.0640625346060951 0.12777777777777777
1 0.10468715393904898 0.7055555555555548 0.05625003460609521 0.1833333333333334
1 0.5156253503867118 0.3805555555555557 0.04062493943933436 0.1111111111111112
1 0.564062698985047 0.4069444444444442 0.06250006921218978 0.11944444444444427
2 0.30468600328638806 0.4027777777777789 0.05625006921219046 0.13888888888888898
2 0.8976566869019501 0.49166666666666714 0.06406259516676158 0.15555555555555595
2 0.7765630926293778 0.4305555555555557 0.08437514707590439 0.14444444444444465
2 0.5335930319235269 0.5374999999999993 0.07968762112133235 0.15277777777777785
1 0.621093728371191 0.3597222222222227 0.05156252595457004 0.1250000000000002
2 0.5132811937650955 0.3597222222222215 0.035937474045428616 0.11388888888888861
2 0.5593749956742379 0.3527777777777777 0.04687502595457144 0.1111111111111111
0 0.5601568729097097 0.39166666666666694 0.03906249999999993 0.12777777777777757
