1 0.2875012674482324 0.39722222222222137 0.06250002595457135 0.13888888888888895
1 0.04843762112133296 0.6069444444444454 0.09062522493961823 0.15277777777777773
1 0.46171880190914133 0.3999999999999997 0.051562500000000996 0.1111111111111111
1 0.495312318318 0.4652777777777773 0.05937505190914107 0.11388888888888732
2 0.36874885799886215 0.3944444444444455 0.05625006921219046 0.13888888888888898
2 0.828125878129662 0.48888888888888926 0.06250002595457131 0.1444444444444447
2 0.43984251283209963 0.5402777777777771 0.08906267303047466 0.13055555555555576
1 0.6289062716288096 0.3652777777777782 0.05156252595457004 0.1250000000000002
2 0.49609359859833396 0.3652777777777771 0.03906249134847621 0.11388888888888861
2 0.6460942258338072 0.4138888888888886 0.05781258651523849 0.10555555555555558
0 0.7210952640166579 0.38472222222222235 0.03593748269695275 0.1361111111111109
