1 0.5078149873130839 0.36944444444444335 0.06875006056066658 0.13888888888888887
1 0.2265636073950425 0.5222222222222235 0.0875002076365711 0.12222222222222295
1 0.6148446497584704 0.4333333333333331 0.051562500000000996 0.1111111111111111
1 0.6281255536975204 0.47916666666666613 0.046874982696950965 0.1083333333333319
2 0.565624948090857 0.3888888888888902 0.07187515572742807 0.13888888888888898
2 0.9632812153939052 0.5277777777777769 0.07031256921218926 0.14444444444444465
2 0.5320305232720021 0.5291666666666657 0.1140628114548549 0.13055555555555573
1 0.8132822925086147 0.3708333333333338 0.05156252595457004 0.1250000000000002
2 0.6679695502659484 0.3986111111111104 0.03906249134847621 0.11388888888888861
2 0.8289077380620882 0.43611111111111084 0.060937603818285856 0.12222222222222248
0 0.9703153939346986 0.3930555555555562 0.05312507786371486 0.13611111111111104
