1 0.09765646628809428 0.42777777777777765 0.0640625346060951 0.12777777777777777
1 0.10468715393904898 0.7055555555555548 0.05625003460609521 0.1833333333333334
1 0.5156253503867118 0.3805555555555557 0.04062493943933436 0.1111111111111112
1 0.564062698985047 0.4069444444444442 0.06250006921218978 0.11944444444444427
2 0.30468600328638806 0.4027777777777789 0.05625006921219046 0.13888888888888898
2 0.8976566869019501 0.49166666666666714 0.06406259516676158 0.15555555555555595
2 0.8023444853795202 0.4194444444444443 0.07343758651523807 0.14444444444444465
2 0.6054684298936204 0.5513888888888885 0.07968762112133235 0.15277777777777785
1 0.6929691263412842 0.3680555555555561 0.05156252595457004 0.12500000000000022
2 0.5382813321894758 0.37083333333333257 0.035937474045428616 0.11388888888888861
2 0.5593749956742383 0.3402777777777776 0.04687502595457145 0.13611111111111074
0 0.5570318556066622 0.38055555555555587 0.03906249999999993 0.12777777777777757
