1 0.43750209799451345 0.31388888888888716 0.08750016437895156 0.12777777777777752
1 0.038281314886428094 0.3625000000000007 0.04843749134847718 0.13611111111111165
1 0.5132815874094249 0.11944444444444398 0.0640625692121892 0.11111111111111095
1 0.4117181054614777 0.5263888888888889 0.1140628547124738 0.18055555555555322
2 0.5781250173030464 0.25694444444444514 0.08437522493961819 0.14166666666666655
2 0.1421846147168209 0.38888888888888673 0.10000023359114091 0.1611111111111111
2 0.43984076955006157 0.4861111111111091 0.04843754325761847 0.18888888888888833
0 0.4789063148864281 0.8666666666666673 0.060937422136285946 0.13888888888888914
1 0.9406248529240959 0.29444444444444484 0.07500005190914316 0.1666666666666668
2 0.9546874610681435 0.7888888888888885 0.08750007786371279 0.2166666666666667
