1 0.5390651603435592 0.37499999999999895 0.06875006056066658 0.13888888888888887
1 0.2539075087967086 0.5097222222222234 0.09687525954571377 0.12222222222222295
1 0.6539073660465646 0.43055555555555536 0.051562500000000996 0.1111111111111111
1 0.6593757267279956 0.4874999999999995 0.046874982696950965 0.1083333333333319
2 0.5984376297728562 0.3888888888888902 0.07187515572742807 0.13888888888888898
2 0.5558587802077394 0.5291666666666657 0.10859403117452196 0.12777777777777782
1 0.84453246553909 0.37916666666666715 0.05156252595457004 0.1250000000000002
2 0.712501046834376 0.4097222222222216 0.0437500173030475 0.1138888888888886
2 0.8523453678349443 0.434722222222222 0.06718763842438072 0.1305555555555561
0 0.01171875 0.5152777777777777 0.0234375 0.1527777777777778
