1 0.05859375 0.5 0.0578125 0.12222222222222222
1 0.1671875 0.6458333333333333 0.05 0.14166666666666666
1 0.4460937153939048 0.41250000000000014 0.06406256921218995 0.10277777777777782
1 0.5234374740454288 0.4708333333333334 0.05 0.09722222222222224
2 0.6109376989850466 0.5625 0.04375 0.11944444444444445
2 0.81875 0.5319444444444446 0.046875 0.1361111111111111
2 0.66953125 0.5263888888888889 0.0578125 0.13055555555555556
2 0.66328125 0.588888888888889 0.0578125 0.11666666666666665
1 0.5812497577573345 0.5416666666666667 0.046875 0.11666666666666665
2 0.5234375000000001 0.38888888888888895 0.040625 0.10555555555555556
2 0.56015625 0.4472222222222222 0.0421875 0.1
0 0.5320317171822829 0.4152777777777777 0.03906249999999996 0.13611111111111104
