1 0.052343715393904915 0.5027777777777778 0.0640625346060951 0.12777777777777777
1 0.14140610724985778 0.6597222222222219 0.05468752595457145 0.14722222222222198
1 0.453125004325761 0.416666666666667 0.0718751124698093 0.11111111111111142
1 0.5281250000000001 0.46250000000000013 0.05 0.09722222222222224
2 0.422655406476432 0.5541666666666677 0.08593773359114262 0.12499999999999999
2 0.825000034606095 0.5319444444444447 0.05937506921219047 0.13611111111111113
2 0.7117189835911415 0.49444444444444424 0.06718755190914263 0.14444444444444438
2 0.5624994419767168 0.6249999999999993 0.06875006056066633 0.14444444444444435
1 0.6703127508941901 0.47499999999999987 0.06562510381828499 0.11666666666666664
2 0.5203124826969527 0.39305555555555516 0.028124930787809876 0.10277777777777762
2 0.6054690008941889 0.42083333333333334 0.0421875 0.11944444444444414
0 0.5601568729097102 0.4000000000000002 0.03906249999999993 0.12777777777777757
