1 0.42031450282775273 0.37499999999999895 0.06875006056066658 0.13888888888888887
1 0.1648445156598538 0.5527777777777791 0.06718759516676195 0.1277777777777785
1 0.5632818642581862 0.42222222222222194 0.051562500000000996 0.1111111111111111
1 0.5656252076365698 0.4736111111111106 0.046874982696950965 0.1083333333333319
2 0.4921870414692397 0.3944444444444457 0.07187515572742807 0.13888888888888898
2 0.9265639231756593 0.5138888888888882 0.05937500865152397 0.14444444444444457
2 0.4851552637262892 0.5458333333333324 0.1140628114548549 0.13055555555555573
1 0.735156859932426 0.3680555555555559 0.05156252595457004 0.1250000000000002
2 0.5929691349928077 0.3819444444444438 0.03906249134847621 0.11388888888888861
2 0.7585948487435188 0.4138888888888886 0.05781258651523849 0.10555555555555558
0 0.8656273142826061 0.39027777777777845 0.05000006056066715 0.13611111111111104
