1 0.43750209799451345 0.31388888888888716 0.08750016437895156 0.12777777777777752
1 0.038281314886428094 0.3625000000000007 0.04843749134847718 0.13611111111111165
1 0.5132815874094249 0.11944444444444398 0.0640625692121892 0.11111111111111095
1 0.37968667810524087 0.5083333333333339 0.0937502422426652 0.1611111111111095
2 0.5968751211213317 0.3125000000000007 0.08437522493961819 0.14166666666666658
2 0.20624746942929534 0.4416666666666645 0.12812538931856882 0.16111111111111104
2 0.4210906657317761 0.45833333333333137 0.057812595166761224 0.18888888888888838
0 0.499218927356237 0.8722222222222229 0.060937422136285946 0.13888888888888914
1 0.9218747491058106 0.29444444444444484 0.07500005190914316 0.1666666666666668
2 0.9421873918559533 0.7888888888888885 0.1125002162880931 0.21666666666666667
