1 0.17578189886428264 0.42777777777777737 0.07343758651523752 0.13888888888888903
1 0.04296884084099979 0.6861111111111111 0.08281268168199944 0.16111111111111115
1 0.41171852506038065 0.37500000000000017 0.07968765572742877 0.11111111111111115
1 0.5007810985983333 0.4513888888888886 0.057812543257617054 0.10833333333333157
2 0.21562301014953292 0.4055555555555567 0.05625006921219046 0.13888888888888898
2 0.9179692993717592 0.5083333333333337 0.06406259516676158 0.15555555555555592
2 0.7437504109473784 0.4416666666666664 0.10937528550028457 0.1444444444444446
2 0.44687380176395647 0.5458333333333325 0.10312525089418866 0.15277777777777815
1 0.5695309428709066 0.35972222222222267 0.05156252595457004 0.1250000000000002
2 0.46015589961328746 0.3597222222222215 0.03906249134847622 0.11388888888888861
2 0.5593749956742378 0.39444444444444443 0.04687502595457145 0.12777777777777763
0 0.6015633521750897 0.39444444444444465 0.031249956742381114 0.12777777777777757
