1 0.3078138799180414 0.39166666666666555 0.06875006056066658 0.13888888888888887
1 0.05937518168199936 0.6041666666666676 0.09062522493961823 0.1527777777777777
1 0.46796883651523635 0.3999999999999997 0.051562500000000996 0.1111111111111111
1 0.5124999134847613 0.46805555555555506 0.05937505190914107 0.11388888888888733
2 0.3843739445140998 0.3944444444444455 0.05625006921219046 0.13888888888888898
2 0.823438352175091 0.48888888888888926 0.09062518168199928 0.1444444444444447
2 0.451561327718528 0.5402777777777769 0.09375019898504586 0.13055555555555573
1 0.6382813235379523 0.3652777777777782 0.05156252595457004 0.1250000000000002
2 0.5085936678105241 0.379166666666666 0.03906249134847621 0.11388888888888861
2 0.6570317863944736 0.41111111111111076 0.05781258651523849 0.10555555555555558
0 0.7429703851379905 0.39305555555555555 0.03593748269695275 0.1361111111111109
